1.794312825244728682e+00
1.794311490401766074e+00
1.794308793780458933e+00
1.794299355933970830e+00
1.794272393470094595e+00
1.794178057636144352e+00
1.794043380561314960e+00
1.793639971999608118e+00
1.792969691345570604e+00
1.791636817263508208e+00
1.787698446755965120e+00
1.781327410924434140e+00
1.769254536972892700e+00
1.737512953934824855e+00
1.695508019986926795e+00
1.636005184383044764e+00
1.540590416436167898e+00
1.470770301152185544e+00
1.413683615266378535e+00
1.362262720086365952e+00
1.339459574399084918e+00
1.327173626544738916e+00
