1.793633135586576666e+00
1.793631810184597386e+00
1.793629132636016088e+00
1.793619761544422486e+00
1.793592989811725547e+00
1.793499321571107918e+00
1.793365598292101293e+00
1.792965051741425508e+00
1.792299543062009892e+00
1.790976219365096878e+00
1.787066534305068677e+00
1.780743317325057529e+00
1.768765459030831044e+00
1.737295445023262941e+00
1.695675220733383615e+00
1.636690591307641940e+00
1.541755541290981801e+00
1.471809565026265032e+00
1.414214354017391040e+00
1.361796368764186305e+00
1.338286475070747938e+00
1.325521752571549250e+00
