1.790691536856744870e+00
1.790690220633122332e+00
1.790687561625833091e+00
1.790678255419726916e+00
1.790651668996578794e+00
1.790558648434936728e+00
1.790425847975314344e+00
1.790028052755900934e+00
1.789367072987737339e+00
1.788052598027349616e+00
1.784167850550484102e+00
1.777881233318438392e+00
1.765960592081675662e+00
1.734573131106822874e+00
1.692943375494290192e+00
1.633826271041852074e+00
1.538884263557491083e+00
1.469518482197649911e+00
1.412756724611650139e+00
1.360809747483946675e+00
1.337118253727761941e+00
1.324134850650935613e+00
