1.782108587478752337e+00
1.782107261001615983e+00
1.782104581280396172e+00
1.782095202578212412e+00
1.782068409046663637e+00
1.781974663876146003e+00
1.781840828990677972e+00
1.781439935637034289e+00
1.780773809407381725e+00
1.779449105267540743e+00
1.775534172908582731e+00
1.769198874036925551e+00
1.757186603415339610e+00
1.725563207128519405e+00
1.683632493651525008e+00
1.624088996583048727e+00
1.528248965494503064e+00
1.457861888111209536e+00
1.400246657978220011e+00
1.348520253044621198e+00
1.325860556899896681e+00
1.313695037099656959e+00
