1.771618064319596453e+00
1.771616762389846889e+00
1.771614132258699126e+00
1.771604927115475459e+00
1.771578629412731143e+00
1.771486619014565500e+00
1.771355260680757882e+00
1.770961785047210135e+00
1.770307982069992070e+00
1.769007777134306680e+00
1.765165188505622762e+00
1.758946772847819418e+00
1.747155511935002847e+00
1.716110745606918231e+00
1.674944722826144927e+00
1.616507614201649901e+00
1.522663026831575284e+00
1.454124534914902567e+00
1.398342036364985663e+00
1.348399246758569481e+00
1.326615778410902502e+00
1.315090014605633906e+00
