1.795324981734061076e+00
1.795323655670219010e+00
1.795320976784694933e+00
1.795311601015640468e+00
1.795284815934837797e+00
1.795191101162652014e+00
1.795057311913872633e+00
1.794656571005205370e+00
1.793990750199385698e+00
1.792666846253943014e+00
1.788755767230064242e+00
1.782431346879304046e+00
1.770455007706734030e+00
1.739015591896530655e+00
1.697502965185031742e+00
1.638806785766321550e+00
1.544549661165599330e+00
1.475022033159943513e+00
1.417652432052522782e+00
1.365894503694028650e+00
1.343235039360288985e+00
1.331084657180692687e+00
