1.790771449528440806e+00
1.790770176918839995e+00
1.790767606018649039e+00
1.790758608165925247e+00
1.790732902569015961e+00
1.790642962759992685e+00
1.790514557610588087e+00
1.790129907758402750e+00
1.789490702549425771e+00
1.788219278873304452e+00
1.784459820383229811e+00
1.778369875612375361e+00
1.766802005129019637e+00
1.736223607674314495e+00
1.695422048434541695e+00
1.637060135232657920e+00
1.542402585729834241e+00
1.472510968154618682e+00
1.415089467866105455e+00
1.363344048277434828e+00
1.340273962861791457e+00
1.327527680692466516e+00
