1.797850918601922032e+00
1.797849566528870069e+00
1.797846835099614626e+00
1.797837275428757264e+00
1.797809964924516057e+00
1.797714411291012171e+00
1.797577995424025854e+00
1.797169376980850108e+00
1.796490434779770329e+00
1.795140318103369159e+00
1.791150854760342748e+00
1.784696721822296883e+00
1.772464948736043322e+00
1.740297681558055753e+00
1.697715869192740756e+00
1.637385234028339021e+00
1.540672958022317740e+00
1.469926851631020437e+00
1.412055670348054903e+00
1.360216093889833333e+00
1.337500813687350520e+00
1.325357541420040253e+00
