1.808368415182166622e+00
1.808367059175197911e+00
1.808364319798499542e+00
1.808354732310578195e+00
1.808327342320194209e+00
1.808231510381729690e+00
1.808094696657636113e+00
1.807684882685214323e+00
1.807003941461642338e+00
1.805649802855330055e+00
1.801648090243726408e+00
1.795172977978465756e+00
1.782897450940689410e+00
1.750589375204281595e+00
1.707759988486114766e+00
1.646939735946923111e+00
1.548983061556165719e+00
1.476831461783136845e+00
1.417375411470677360e+00
1.363306250926026308e+00
1.338863995684032249e+00
1.325187929550828425e+00
