1.801256606103289970e+00
1.801255224451636217e+00
1.801252433269245001e+00
1.801242664479396627e+00
1.801214756638050085e+00
1.801117114023252475e+00
1.800977718474105815e+00
1.800560193175803736e+00
1.799866512788157236e+00
1.798487313962467526e+00
1.794413653132530539e+00
1.787828699680847233e+00
1.775366619655382339e+00
1.742694559687161249e+00
1.699635122080804139e+00
1.638895197582751484e+00
1.541863931021635548e+00
1.471155739108616300e+00
1.413814928877021648e+00
1.363008849120401766e+00
1.341183138904368244e+00
1.329817800855061849e+00
