1.795846932650702055e+00
1.795845623528200763e+00
1.795842978866824202e+00
1.795833722873683369e+00
1.795807279935965894e+00
1.795714761804081405e+00
1.795582679721811070e+00
1.795187043979188379e+00
1.794529677595424255e+00
1.793222481198061047e+00
1.789359951796702708e+00
1.783111442482326892e+00
1.771269798397297812e+00
1.740124197764347569e+00
1.698856404303189072e+00
1.640212367429090712e+00
1.545406129814616669e+00
1.475326308294997224e+00
1.417871449926358274e+00
1.366552019118361994e+00
1.344080704760163059e+00
1.332180607344114698e+00
