1.809185925628570057e+00
1.809184593808689234e+00
1.809181903294587723e+00
1.809172486822849812e+00
1.809145585425975256e+00
1.809051463283146699e+00
1.808917091363402729e+00
1.808514597422921311e+00
1.807845838251197934e+00
1.806515995774744532e+00
1.802586619098739407e+00
1.796230176596753880e+00
1.784184637467119749e+00
1.752506207203730293e+00
1.710538072256049258e+00
1.650905325871401041e+00
1.554524463383565536e+00
1.483352833534735904e+00
1.424967815257075054e+00
1.372324862704441317e+00
1.348840981808083095e+00
1.336037459270299266e+00
