1.795767980773866235e+00
1.795766631598524343e+00
1.795763906023793988e+00
1.795754366849341421e+00
1.795727114954449810e+00
1.795631767014519875e+00
1.795495646506743093e+00
1.795087924768039578e+00
1.794410512239587030e+00
1.793063584872537142e+00
1.789084692372337360e+00
1.782651291286620143e+00
1.770471165950001202e+00
1.738517940669941142e+00
1.696400518774673349e+00
1.637106562696554191e+00
1.543016306029828755e+00
1.474727477492912220e+00
1.418851065990901938e+00
1.368178208371520599e+00
1.345657382287691606e+00
1.333895139865816981e+00
