1.791557778804912626e+00
1.791556432306953939e+00
1.791553712140174781e+00
1.791544191884169024e+00
1.791516993961816073e+00
1.791421833991626800e+00
1.791285979494998681e+00
1.790879038089087993e+00
1.790202867535001685e+00
1.788858207564138159e+00
1.784884445234930173e+00
1.778454398249102120e+00
1.766263973010766541e+00
1.734181018301813815e+00
1.691667062598623428e+00
1.631386651460308146e+00
1.534899053548687942e+00
1.464871669474743232e+00
1.408231076221997391e+00
1.357867562243109782e+00
1.336161158717164676e+00
1.324744751769896256e+00
