1.777321938976710980e+00
1.777320628608257458e+00
1.777317981429806126e+00
1.777308716627050034e+00
1.777282248519968189e+00
1.777189642306964856e+00
1.777057434427173899e+00
1.776661421545830510e+00
1.776003427588801475e+00
1.774694980829402358e+00
1.770828758802228009e+00
1.764574410501190238e+00
1.752722996005048994e+00
1.721571649524035852e+00
1.680387070163362750e+00
1.622185582024934014e+00
1.529400476261376651e+00
1.462019142398835125e+00
1.407179102027112494e+00
1.357872624904321812e+00
1.335951749143959866e+00
1.324023384795496749e+00
