1.794198796719011169e+00
1.794197427468005923e+00
1.794194661336836250e+00
1.794184980219265535e+00
1.794157322810793209e+00
1.794060556019004382e+00
1.793922409780718041e+00
1.793508619295965500e+00
1.792821120149648673e+00
1.791454122971056329e+00
1.787415821098067292e+00
1.780885902498767548e+00
1.768521007336937512e+00
1.736064100059393933e+00
1.693218865952741181e+00
1.632724772713112449e+00
1.536315551992106121e+00
1.466505236114436839e+00
1.410175880689696903e+00
1.359979783626636518e+00
1.337664675658179814e+00
1.325738823065534255e+00
