1.780600100116792373e+00
1.780598790554670963e+00
1.780596145004842201e+00
1.780586885898800986e+00
1.780560434038666262e+00
1.780467884346778051e+00
1.780335756286711257e+00
1.779939976356920361e+00
1.779282349088643800e+00
1.777974555791780542e+00
1.774109673264615772e+00
1.767855604374409584e+00
1.755998209268088139e+00
1.724788568064187677e+00
1.683422995225523966e+00
1.624724656408917278e+00
1.530375590245235173e+00
1.461127951144216341e+00
1.404294612744597437e+00
1.352890558984816138e+00
1.330229840557367815e+00
1.317971497893076327e+00
