1.810722386192993749e+00
1.810721018728336684e+00
1.810718256205750443e+00
1.810708587716867157e+00
1.810680966378314105e+00
1.810584325690586693e+00
1.810446359222060320e+00
1.810033105382420793e+00
1.809346491830535530e+00
1.807981233274707833e+00
1.803947895907771937e+00
1.797425469057194247e+00
1.785072959470578979e+00
1.752636835637920942e+00
1.709785730654973968e+00
1.649172834901871054e+00
1.551991755957356389e+00
1.480691859531721333e+00
1.422234175098190168e+00
1.369786734754521396e+00
1.346760178173873390e+00
1.334555668102867410e+00
