1.813823128309754784e+00
1.813821773487934719e+00
1.813819036505768034e+00
1.813809457401207137e+00
1.813782091385063966e+00
1.813686343610632745e+00
1.813549650805323266e+00
1.813140204394937394e+00
1.812459891634160547e+00
1.811107068245600749e+00
1.807109745289773084e+00
1.800643288993479585e+00
1.788389192528349492e+00
1.756165589535882976e+00
1.713498931927393665e+00
1.652974165196655854e+00
1.555559885285919597e+00
1.483884796541293127e+00
1.425153309768254939e+00
1.372766361490508347e+00
1.350060496445483205e+00
1.338004129720392177e+00
