1.796223508007318781e+00
1.796222169330917051e+00
1.796219464964927903e+00
1.796210000008639174e+00
1.796182960058494427e+00
1.796088352676686428e+00
1.795953286744884858e+00
1.795548705071953632e+00
1.794876447650403772e+00
1.793539540720961556e+00
1.789588468511456698e+00
1.783194448447701808e+00
1.771070089368871336e+00
1.739148791170751940e+00
1.696830603204994015e+00
1.636822443673229044e+00
1.540773746144633582e+00
1.470774928076651999e+00
1.413608907308311569e+00
1.362106972245684222e+00
1.339630669800677243e+00
1.328111422996559154e+00
