1.787440407088249028e+00
1.787439074825067031e+00
1.787436383415502261e+00
1.787426963810525349e+00
1.787400053469273997e+00
1.787305900111573864e+00
1.787171483843805753e+00
1.786768858593744680e+00
1.786099886401184333e+00
1.784769640080776432e+00
1.780839235741815019e+00
1.774481728333659358e+00
1.762436680163107283e+00
1.730781881348131490e+00
1.688920727962031298e+00
1.629669765034228668e+00
1.534746371090684569e+00
1.465350212064452151e+00
1.408691852087735397e+00
1.357778488736059552e+00
1.335053365155800309e+00
1.322622202954223836e+00
