1.790658809157143150e+00
1.790657513200435424e+00
1.790654895135772362e+00
1.790645732222461595e+00
1.790619555152533460e+00
1.790527966688861827e+00
1.790397210362643543e+00
1.790005535428635053e+00
1.789354715955468134e+00
1.788060412406080157e+00
1.784235014831359933e+00
1.778043615595902516e+00
1.766300762897933030e+00
1.735364261494854343e+00
1.694291778130993631e+00
1.635861207750151758e+00
1.541550333642457415e+00
1.471968842679166389e+00
1.414467607150643236e+00
1.361481983467661694e+00
1.337194601085589074e+00
1.323803011982934708e+00
