1.786296037260115988e+00
1.786294739529080688e+00
1.786292117879016317e+00
1.786282942407211527e+00
1.786256729373475904e+00
1.786165014075817625e+00
1.786034073970876879e+00
1.785641829518273438e+00
1.784990000754868023e+00
1.783693457091935608e+00
1.779859640666919374e+00
1.773649008710721064e+00
1.761851225333580517e+00
1.730663007145555543e+00
1.689053473802018202e+00
1.629589086849190016e+00
1.533466688574555148e+00
1.462938883455812134e+00
1.405462713703898858e+00
1.354529315038716764e+00
1.332736312247055466e+00
1.321086184133234198e+00
