1.819358501681060281e+00
1.819357083208549497e+00
1.819354217641224736e+00
1.819344188510653826e+00
1.819315536895140140e+00
1.819215291728929040e+00
1.819072180024590368e+00
1.818643518781131840e+00
1.817931320144425600e+00
1.816515240498683292e+00
1.812332171802105929e+00
1.805568912215803179e+00
1.792764831444539464e+00
1.759173654482953930e+00
1.714879679000213208e+00
1.652456172847776683e+00
1.553270498744702799e+00
1.481473587686484183e+00
1.423210259586279225e+00
1.370923910082335384e+00
1.347528436019947762e+00
1.334816136081359739e+00
