1.768705688304138990e+00
1.768704393517200213e+00
1.768701777816126253e+00
1.768692623179203949e+00
1.768666469789736073e+00
1.768574964599089139e+00
1.768444328289100476e+00
1.768053020821735544e+00
1.767402838345346838e+00
1.766109899571652875e+00
1.762289297600774463e+00
1.756108071100946688e+00
1.744392682078534040e+00
1.713579932340147494e+00
1.672788751855981859e+00
1.615002137590376474e+00
1.522458220433194676e+00
1.454979801855077026e+00
1.399962732866367743e+00
1.349972963272344506e+00
1.326859944322515528e+00
1.313588371268120447e+00
