1.775959141185758483e+00
1.775957875899461635e+00
1.775955319794624065e+00
1.775946373734133887e+00
1.775920816187579021e+00
1.775831395400850665e+00
1.775703733990280142e+00
1.775321331359052346e+00
1.774685924369131307e+00
1.773422291643842241e+00
1.769687691871296931e+00
1.763643692336674507e+00
1.752181738066975969e+00
1.721991058600286451e+00
1.681910878024257761e+00
1.624857906576817834e+00
1.532519711732535317e+00
1.464115467625587641e+00
1.407659700604783515e+00
1.356421480216993158e+00
1.333617704042393104e+00
1.321365734436879658e+00
