1.807530717916270513e+00
1.807529362373244686e+00
1.807526623934041288e+00
1.807517039729672925e+00
1.807489659140872229e+00
1.807393860341351521e+00
1.807257094587217505e+00
1.806847428940968170e+00
1.806166749518643533e+00
1.804813188269486668e+00
1.800813619366616214e+00
1.794343337983223652e+00
1.782081446604807384e+00
1.749835493367028372e+00
1.707142201488583089e+00
1.646619754578628969e+00
1.549556919547932843e+00
1.478810462268199455e+00
1.421472000222194998e+00
1.370406893647036384e+00
1.347806952067848174e+00
1.335659758198834757e+00
