1.794888597952981391e+00
1.794887277334841880e+00
1.794884609450053681e+00
1.794875272175741054e+00
1.794848597012984603e+00
1.794755266173546859e+00
1.794622023297106850e+00
1.794222906711486543e+00
1.793559744119085364e+00
1.792240975264719482e+00
1.788343897087435019e+00
1.782038421032803743e+00
1.770085455852722811e+00
1.738630046140679175e+00
1.696929354451443217e+00
1.637678063160124875e+00
1.542128822989665027e+00
1.471831141704628587e+00
1.414307745113988046e+00
1.362695552769730645e+00
1.339926269184765095e+00
1.327749248580748276e+00
