1.785713306004526491e+00
1.785712003054369390e+00
1.785709370862022416e+00
1.785700158506683621e+00
1.785673840215654673e+00
1.785581757965635674e+00
1.785450297543735854e+00
1.785056519553920529e+00
1.784402225508072481e+00
1.783101085412375664e+00
1.779256043262785969e+00
1.773034564620881604e+00
1.761240081673295821e+00
1.730195801856878823e+00
1.689020755550577180e+00
1.630448810175173069e+00
1.535632143272958494e+00
1.465348876008794266e+00
1.407428519243585141e+00
1.355212674060604972e+00
1.332164231589161751e+00
1.319774015593470740e+00
