1.795434163656620896e+00
1.795432842441309518e+00
1.795430173350138103e+00
1.795420831854347643e+00
1.795394144636967448e+00
1.795300771685749641e+00
1.795167468863821947e+00
1.794768173954475854e+00
1.794104719202201936e+00
1.792785384981755881e+00
1.788886762905374184e+00
1.782579224449067912e+00
1.770624069024558711e+00
1.739177560701187897e+00
1.697539287206062841e+00
1.638536756425161167e+00
1.543929247542296102e+00
1.474628368666524469e+00
1.417836120076557238e+00
1.366482564961313706e+00
1.343882800451278170e+00
1.332326582244875990e+00
