1.801971248547523441e+00
1.801969895709949476e+00
1.801967162736637817e+00
1.801957597666199451e+00
1.801930271774053072e+00
1.801834664742939518e+00
1.801698173833224947e+00
1.801289338977489107e+00
1.800610064920301401e+00
1.799259391029926602e+00
1.795269077154248771e+00
1.788816070752299536e+00
1.776594819809268477e+00
1.744506419437960476e+00
1.702139491783310365e+00
1.642317488326669794e+00
1.546867076042052647e+00
1.477302122778447968e+00
1.420487632887309282e+00
1.369489503121416263e+00
1.347005227509546099e+00
1.334871893518098096e+00
