1.813992324340131912e+00
1.813990979209232357e+00
1.813988261804478030e+00
1.813978751218610519e+00
1.813951580951081111e+00
1.813856518074011825e+00
1.813720803092974787e+00
1.813314285930265113e+00
1.812638841250518107e+00
1.811295702162813770e+00
1.807327028996504215e+00
1.800907054187002698e+00
1.788741658323623529e+00
1.756757203850407345e+00
1.714426695446809035e+00
1.654426241623195848e+00
1.557867520187711907e+00
1.486471987438698461e+00
1.427308160947710292e+00
1.373390776256524282e+00
1.349272346993964700e+00
1.336155764100434462e+00
