1.804065781104188693e+00
1.804064397257183261e+00
1.804061601639613599e+00
1.804051817325258877e+00
1.804023865116116232e+00
1.803926067073367445e+00
1.803786449105639011e+00
1.803368253893964823e+00
1.802673448219598518e+00
1.801291966654546828e+00
1.797211213875034241e+00
1.790613713473259150e+00
1.778124383186282742e+00
1.745362086145973990e+00
1.702157590351051519e+00
1.641229661641980808e+00
1.544211240581687017e+00
1.473752859399181547e+00
1.416558888936698457e+00
1.365722320071336870e+00
1.343313537672274238e+00
1.331023954057485303e+00
