1.810804147680753262e+00
1.810802770638649362e+00
1.810799988767773483e+00
1.810790252560628533e+00
1.810762437747978293e+00
1.810665119979028237e+00
1.810526186462788845e+00
1.810110032980357886e+00
1.809418591753538585e+00
1.808043697272377681e+00
1.803981616060021942e+00
1.797411881570216030e+00
1.784967325141698868e+00
1.752279339580454787e+00
1.709095667612938740e+00
1.648095038782445121e+00
1.550840587300028162e+00
1.480135513624817767e+00
1.422305961400298191e+00
1.369760183132632481e+00
1.346452138814198785e+00
1.334267644936209862e+00
