1.786861427281896342e+00
1.786860099458033480e+00
1.786857417016743499e+00
1.786848028800552823e+00
1.786821208139605766e+00
1.786727368640211422e+00
1.786593400680147159e+00
1.786192119919675303e+00
1.785525387094375027e+00
1.784199614050037574e+00
1.780282585328821776e+00
1.773947221252055284e+00
1.761945881064345576e+00
1.730417862864103151e+00
1.688755790563452708e+00
1.629868628121366569e+00
1.535834862371900478e+00
1.467416956012530749e+00
1.411663757947601905e+00
1.361287038092808599e+00
1.338762828639782576e+00
1.326922329562920000e+00
