1.784409847159251550e+00
1.784408509640995177e+00
1.784405807615062622e+00
1.784396350852305524e+00
1.784369334341482816e+00
1.784274809337946355e+00
1.784139862007128707e+00
1.783735642588121229e+00
1.783064010256432130e+00
1.781728432244383376e+00
1.777781951978034236e+00
1.771397447381408030e+00
1.759298061309048089e+00
1.727483106736156460e+00
1.685381484292643339e+00
1.625764509712477546e+00
1.530313248150878325e+00
1.460763446725714676e+00
1.404259702707005619e+00
1.353505210500277611e+00
1.330909511591476191e+00
1.318694857232427298e+00
