1.775703725898140295e+00
1.775702415083528107e+00
1.775699767003963592e+00
1.775690499049765503e+00
1.775664021959513672e+00
1.775571384549130771e+00
1.775439132757758554e+00
1.775042992742722925e+00
1.774384802050980481e+00
1.773076017341065347e+00
1.769209200431576701e+00
1.762955102955177544e+00
1.751107866833918392e+00
1.719985151920550237e+00
1.678857796841955796e+00
1.620715237625649507e+00
1.527722537010468562e+00
1.459662632263455162e+00
1.403675055680697170e+00
1.352630505869652167e+00
1.329691330391151283e+00
1.317329821507147170e+00
