1.792278652128589833e+00
1.792277325506268060e+00
1.792274645492522245e+00
1.792265265774751981e+00
1.792238469411874258e+00
1.792144715152773848e+00
1.792010869495751724e+00
1.791609959383998252e+00
1.790943856709672266e+00
1.789619390015061207e+00
1.785706639736582169e+00
1.779379546059472794e+00
1.767398629307356916e+00
1.735956141680868425e+00
1.694485997403419208e+00
1.636040185682689607e+00
1.543100232448382236e+00
1.475651784210101347e+00
1.420832341366638607e+00
1.371534100215891394e+00
1.349273532999289982e+00
1.337076984425553228e+00
