1.790407401417576594e+00
1.790406033822695475e+00
1.790403271036951516e+00
1.790393601626095288e+00
1.790365977645365758e+00
1.790269327617227901e+00
1.790131347555423247e+00
1.789718051181403924e+00
1.789031360947133997e+00
1.787665927726793447e+00
1.783631904134956647e+00
1.777107842076475430e+00
1.764750536335284226e+00
1.732292209572761532e+00
1.689393851082079401e+00
1.628688936145326727e+00
1.531374262978950185e+00
1.460183325938635868e+00
1.402106333599435040e+00
1.349803562873462814e+00
1.326354937866642603e+00
1.313372218153400883e+00
