1.798072682655180721e+00
1.798071357036980178e+00
1.798068679050952356e+00
1.798059306421288417e+00
1.798032530234384252e+00
1.797938845707682587e+00
1.797805097287728415e+00
1.797404462145233861e+00
1.796738762342997564e+00
1.795414896538235050e+00
1.791502366831949855e+00
1.785170721569159902e+00
1.773164598311895102e+00
1.741552662590569733e+00
1.699626721200061974e+00
1.640067869438338377e+00
1.544141530262725936e+00
1.473664320010946494e+00
1.415963214494031286e+00
1.363856392621664693e+00
1.340675921005554327e+00
1.328169593098276868e+00
