1.789990040254989978e+00
1.789988665049261130e+00
1.789985886889359223e+00
1.789976163682637678e+00
1.789948386116811507e+00
1.789851199909045398e+00
1.789712457562445680e+00
1.789296900250069378e+00
1.788606527517531797e+00
1.787234045952144523e+00
1.783181316786091486e+00
1.776633625476941036e+00
1.764253498278433030e+00
1.731864795971740589e+00
1.689317491277152694e+00
1.629518754653124457e+00
1.534327487217113761e+00
1.465130176873725931e+00
1.409149710607259243e+00
1.359165557485510600e+00
1.337071508738630898e+00
1.325207846260656463e+00
