1.803426698547228924e+00
1.803425394139723359e+00
1.803422759003337150e+00
1.803413536345538581e+00
1.803387188632603166e+00
1.803295003565683841e+00
1.803163396692827325e+00
1.802769182372990997e+00
1.802114171092680683e+00
1.800811633269994161e+00
1.796962678596694341e+00
1.790735530648847496e+00
1.778932373782357690e+00
1.747876234372862880e+00
1.706704812404816529e+00
1.648177737429491474e+00
1.553655365953361622e+00
1.483870587622716952e+00
1.426245622060312357e+00
1.373112356757943964e+00
1.348480504722059159e+00
1.334457954873269570e+00
