1.797520894698034111e+00
1.797519525171496824e+00
1.797516758483346910e+00
1.797507075413845357e+00
1.797479412405937005e+00
1.797382625754550434e+00
1.797244450441076724e+00
1.796830567784828858e+00
1.796142898698106949e+00
1.794775501649568561e+00
1.790735543509880401e+00
1.784201484469263521e+00
1.771824031266131971e+00
1.739307466110175060e+00
1.696330714534819206e+00
1.635550970986504371e+00
1.538349678093754669e+00
1.467430081091856131e+00
1.409448231102668370e+00
1.357024198123403469e+00
1.333730833288270023e+00
1.321157295890859729e+00
