1.809305501326078369e+00
1.809304128422907221e+00
1.809301354913323667e+00
1.809291647968494621e+00
1.809263916743407918e+00
1.809166891308740643e+00
1.809028374814057427e+00
1.808613468178882799e+00
1.807924091034760261e+00
1.806553272711241442e+00
1.802503013098175177e+00
1.795951682372250557e+00
1.783539455698810450e+00
1.750919135514056313e+00
1.707780933866430928e+00
1.646745881846163995e+00
1.549201260598033203e+00
1.478235928032850532e+00
1.420581723171088218e+00
1.369238499492156702e+00
1.346849348205199748e+00
1.334929839321693956e+00
