1.798574393847899300e+00
1.798573033386818176e+00
1.798570285012822678e+00
1.798560666043207634e+00
1.798533186181678456e+00
1.798437040586633895e+00
1.798299781186182722e+00
1.797888647094826764e+00
1.797205561644697580e+00
1.795847341551027210e+00
1.791834983306823004e+00
1.785347102024597898e+00
1.773062343954911579e+00
1.740821923170437602e+00
1.698282754176134723e+00
1.638261063233982462e+00
1.542575929630865428e+00
1.472963855322204418e+00
1.416277114446464092e+00
1.365507940293014144e+00
1.343167651182252120e+00
1.331050574413599863e+00
