1.799154012239197131e+00
1.799152638963131601e+00
1.799149864701026003e+00
1.799140155131072394e+00
1.799112416479893950e+00
1.799015365919844234e+00
1.798876815864836054e+00
1.798461824957960031e+00
1.797772361678370068e+00
1.796401571957052301e+00
1.792352950718077986e+00
1.785809184291426766e+00
1.773427934836214526e+00
1.740992626234178386e+00
1.698326537984521822e+00
1.638370197226186598e+00
1.543182192542360998e+00
1.473728869821045340e+00
1.416633266167470317e+00
1.365213547450458753e+00
1.342691692680033633e+00
1.330517839270414004e+00
