1.768664309199852402e+00
1.768663041691997728e+00
1.768660481098782045e+00
1.768651519325156851e+00
1.768625916851348068e+00
1.768536338438742916e+00
1.768408450823843792e+00
1.768025362382616983e+00
1.767388788606929495e+00
1.766122734809772554e+00
1.762380203323180350e+00
1.756320952026168891e+00
1.744822155985565670e+00
1.714488969317469858e+00
1.674135027776353812e+00
1.616587927217087328e+00
1.523490976861644031e+00
1.454898496562601728e+00
1.398883381484595789e+00
1.349320724114497549e+00
1.327917985171379822e+00
1.316506815626865334e+00
