1.785060971604627067e+00
1.785059668012270118e+00
1.785057034521927211e+00
1.785047817617276378e+00
1.785021486273963509e+00
1.784929357708348929e+00
1.784797829417587689e+00
1.784403835851537057e+00
1.783749142971107871e+00
1.782447059578813109e+00
1.778598073767785115e+00
1.772366633430468630e+00
1.760541636283312172e+00
1.729352144920783152e+00
1.687875075584730045e+00
1.628795316190207121e+00
1.533562332558853436e+00
1.463674933021375635e+00
1.406395507042194515e+00
1.354771970447212093e+00
1.332087080538498780e+00
1.319992973914862366e+00
