1.811935033105549486e+00
1.811933670293010223e+00
1.811930917168637301e+00
1.811921281573219522e+00
1.811893754213534935e+00
1.811797442424061488e+00
1.811659945735446309e+00
1.811248100715116660e+00
1.810563833504741593e+00
1.809203261616631808e+00
1.805183942325056190e+00
1.798684776414377184e+00
1.786378637585310569e+00
1.754083179934480485e+00
1.711477991565907297e+00
1.651386658294301313e+00
1.555662487761358515e+00
1.486054832095516698e+00
1.429341735726096019e+00
1.378142799938167462e+00
1.355364560715116573e+00
1.343209204946162139e+00
