1.789848546234951154e+00
1.789847245628394479e+00
1.789844618170435053e+00
1.789835422383827535e+00
1.789809151418461308e+00
1.789717234649516264e+00
1.789586010202350641e+00
1.789192937149725715e+00
1.788539808203892356e+00
1.787240962730267890e+00
1.783402542635201593e+00
1.777191367106501163e+00
1.765415631674350339e+00
1.734424335532642747e+00
1.693362555078644860e+00
1.635160718032953264e+00
1.542037522668759042e+00
1.474303971390653167e+00
1.418909173168810378e+00
1.368130785561874063e+00
1.345160342289879019e+00
1.332762582094577430e+00
