1.792755047131113111e+00
1.792753706376491118e+00
1.792750997812607938e+00
1.792741518168595727e+00
1.792714436296269698e+00
1.792619682685274718e+00
1.792484409197623751e+00
1.792079214302841450e+00
1.791405966114156811e+00
1.790067193301816628e+00
1.786111416729612378e+00
1.779712333986013917e+00
1.767586910193021499e+00
1.735713608681738851e+00
1.693556381998299498e+00
1.633895034542135027e+00
1.538385974404496981e+00
1.468571419645048115e+00
1.411467379993380566e+00
1.359999910071872709e+00
1.337026093219147116e+00
1.324553772390628881e+00
