1.461907456893661195e+00
1.461907141263605325e+00
1.461906503629674781e+00
1.461904271937687128e+00
1.461897895904355815e+00
1.461875582464649659e+00
1.461843713343374374e+00
1.461748156911431229e+00
1.461589065703101209e+00
1.461271517001913711e+00
1.460323901922673251e+00
1.458761060220558292e+00
1.455695482200199509e+00
1.446946030212596046e+00
1.433664714381250871e+00
1.410922853978187064e+00
1.361604332540128803e+00
1.310340526676927020e+00
1.252379877551339060e+00
1.177222962454910871e+00
1.128623012705438855e+00
1.090303190215539342e+00
nan
nan
