1.452593572125257637e+00
1.452593276763375352e+00
1.452592680074988873e+00
1.452590591689838062e+00
1.452584625082521175e+00
1.452563744376284438e+00
1.452533921322311627e+00
1.452444498193190103e+00
1.452295612859687557e+00
1.451998415047964563e+00
1.451111370736492878e+00
1.449647906428076061e+00
1.446775413689858292e+00
1.438564028467808953e+00
1.426064844571946155e+00
1.404575141675925121e+00
1.357659140266944009e+00
1.308531342993432434e+00
1.252613775729816137e+00
1.179489488916961593e+00
1.131768486880931235e+00
1.093884401626563418e+00
nan
nan
