1.461567708925844533e+00
1.461567393775458523e+00
1.461566757110552395e+00
1.461564528809998986e+00
1.461558162465225186e+00
1.461535882920779184e+00
1.461504062181703478e+00
1.461408650617230798e+00
1.461249799926945148e+00
1.460932728802775582e+00
1.459986519177782327e+00
1.458425931545249243e+00
1.455364548604603181e+00
1.446625499678823479e+00
1.433355926211416387e+00
1.410624957987137273e+00
1.361306453165858077e+00
1.310035315938916645e+00
1.252074683488033191e+00
1.176920918106153069e+00
1.128376026645889540e+00
1.090431798043650868e+00
nan
nan
