1.465066670372692448e+00
1.465066359875994983e+00
1.465065732612400140e+00
1.465063537215572476e+00
1.465057264874204401e+00
1.465035314257407295e+00
1.465003963187620384e+00
1.464909959027857589e+00
1.464753448679722236e+00
1.464441038329111544e+00
1.463508653430833029e+00
1.461970592721967499e+00
1.458952414109681017e+00
1.450329599814010217e+00
1.437216899064379216e+00
1.414701607014972051e+00
1.365632910073303563e+00
1.314321916591616457e+00
1.255954799141606459e+00
1.179649327462718000e+00
1.129927827885020442e+00
1.090601506839602441e+00
1.054710951542297215e+00
1.107944562286638179e+00
