1.455692988979966351e+00
1.455692671752946143e+00
1.455692030892836053e+00
1.455689787909152821e+00
1.455683379613647022e+00
1.455660953253913759e+00
1.455628922811767367e+00
1.455532882371346259e+00
1.455372984330297603e+00
1.455053821402535696e+00
1.454101359323098253e+00
1.452530425976511053e+00
1.449448622462558900e+00
1.440650291130919802e+00
1.427287529781346986e+00
1.404386037840267720e+00
1.354634804327430109e+00
1.302801455818803689e+00
1.244095611445014793e+00
1.168129486248676852e+00
1.119504040600306949e+00
1.081567405397094284e+00
1.048449984585062111e+00
nan
