1.473390270602971341e+00
1.473389951216890648e+00
1.473389305995058685e+00
1.473387047745692291e+00
1.473380595836501827e+00
1.473358016858947295e+00
1.473325768472458774e+00
1.473229074770669556e+00
1.473068089861223395e+00
1.472746760284829870e+00
1.471787854203069790e+00
1.470206362406162981e+00
1.467104088061094602e+00
1.458248912628439253e+00
1.444803591688255340e+00
1.421768436082593512e+00
1.371749994774694947e+00
1.319666993824258228e+00
1.260691974321727971e+00
1.184142340924097425e+00
1.134640869477786529e+00
1.095640995248305716e+00
nan
nan
