1.466474774261202096e+00
1.466474460184152839e+00
1.466473825687563792e+00
1.466471604976034460e+00
1.466465260313228880e+00
1.466443056644513021e+00
1.466411344269300532e+00
1.466316257584206362e+00
1.466157947651737237e+00
1.465841955385196682e+00
1.464898960999754252e+00
1.463343660563150461e+00
1.460292581108073362e+00
1.451582246449892422e+00
1.438353275626027550e+00
1.415678446284749148e+00
1.366389461790264770e+00
1.314977388104112244e+00
1.256673498165791658e+00
1.180967355667894125e+00
1.131963227186421728e+00
1.093032447968584897e+00
2.198668348721758203e+00
nan
