1.467226187105673763e+00
1.467225854907665328e+00
1.467225183803354982e+00
1.467222834967598200e+00
1.467216124259405730e+00
1.467192639710009683e+00
1.467159098255511385e+00
1.467058529622707219e+00
1.466891100706640749e+00
1.466556936175517301e+00
1.465559945038234391e+00
1.463916347134126994e+00
1.460694776262146499e+00
1.451517121836604973e+00
1.437631051557979989e+00
1.413966591612923596e+00
1.363038097938447324e+00
1.310507658026764055e+00
1.251466502828356253e+00
1.175364678966552390e+00
1.126295240644561213e+00
1.087366161733565040e+00
nan
nan
