1.467155888290996968e+00
1.467155568814847655e+00
1.467154923411073009e+00
1.467152664524867589e+00
1.467146210795815753e+00
1.467123625445207136e+00
1.467091367944841185e+00
1.466994646834711702e+00
1.466833616025925879e+00
1.466512193857180568e+00
1.465553004169354967e+00
1.463971023577372410e+00
1.460867733829899651e+00
1.452009568809581985e+00
1.438560959553423224e+00
1.415529815001149050e+00
1.365595829244453663e+00
1.313746413612080666e+00
1.255210616271710267e+00
1.179354592328423879e+00
1.130248173773387821e+00
1.091570263862297274e+00
nan
nan
