1.459796938131848298e+00
1.459796613009010091e+00
1.459795956197839084e+00
1.459793657386543986e+00
1.459787089592160969e+00
1.459764105087228536e+00
1.459731277566823415e+00
1.459632847809758216e+00
1.459468973956502325e+00
1.459141883249376992e+00
1.458165826848468072e+00
1.456556188310726752e+00
1.453399213106023158e+00
1.444391805414982022e+00
1.430727214187866858e+00
1.407353114564150243e+00
1.356776685743287914e+00
1.304381220461763524e+00
1.245354823004366729e+00
1.169146136453719897e+00
1.120124850311736697e+00
1.081852835715090499e+00
nan
nan
