1.461794606148307807e+00
1.461794288841326006e+00
1.461793647819677799e+00
1.461791404271028050e+00
1.461784994364448753e+00
1.461762562402310728e+00
1.461730524054877689e+00
1.461634460590137463e+00
1.461474526473593105e+00
1.461155299962190623e+00
1.460202714655206346e+00
1.458631794388473235e+00
1.455550789617367169e+00
1.446760222788561423e+00
1.433424107927199875e+00
1.410607505592504696e+00
1.361203569926323409e+00
1.309973701065881624e+00
1.252250972595657874e+00
1.177841600971201608e+00
1.129929409185337574e+00
1.091863885706310322e+00
2.749894075041622532e+00
nan
