1.451863418601580191e+00
1.451863113717734466e+00
1.451862497793185103e+00
1.451860342082535782e+00
1.451854183125923292e+00
1.451832629305357170e+00
1.451801844951346121e+00
1.451709539980333474e+00
1.451555858424494527e+00
1.451249093747635888e+00
1.450333551529459974e+00
1.448823253638247266e+00
1.445859488524183112e+00
1.437391803717191996e+00
1.424514854766625094e+00
1.402407332356312430e+00
1.354262025074451925e+00
1.303996983524028375e+00
1.246969330155645483e+00
1.172865378686434479e+00
1.124997681444327879e+00
1.087150333028922722e+00
1.052410052129793661e+00
nan
