1.460994262766592611e+00
1.460993954364215419e+00
1.460993331331540412e+00
1.460991150742858569e+00
1.460984920709499590e+00
1.460963118159156471e+00
1.460931978581642587e+00
1.460838608678826533e+00
1.460683154694669694e+00
1.460372854346187577e+00
1.459446777946592277e+00
1.457919161632711402e+00
1.454921623625933247e+00
1.446358989313967891e+00
1.433341861978949083e+00
1.411004527450415491e+00
1.362396300845535757e+00
1.311682425405637842e+00
1.254144171387339135e+00
1.179176635279588714e+00
1.130431754797533772e+00
1.091811285096750739e+00
4.111436342405135669e+00
nan
