1.450643820635888259e+00
1.450643521379849865e+00
1.450642916824511186e+00
1.450640800905274919e+00
1.450634755631008410e+00
1.450613599612342153e+00
1.450583383314039132e+00
1.450492780869271137e+00
1.450341931400667583e+00
1.450040810533724356e+00
1.449142038747421868e+00
1.447659167374989675e+00
1.444748378249370413e+00
1.436426169212869253e+00
1.423755103357245311e+00
1.401963137034000884e+00
1.354365446108372506e+00
1.304494988448027026e+00
1.247714775264079368e+00
1.173601009160992747e+00
1.125515863563188779e+00
1.087520994905503580e+00
1.053351947076424100e+00
nan
