1.472546163565165545e+00
1.472545841858112770e+00
1.472545191947497223e+00
1.472542917287673614e+00
1.472536418494143851e+00
1.472513675452359783e+00
1.472481192771959213e+00
1.472383796777477549e+00
1.472221643339240993e+00
1.471897984019790995e+00
1.470932146565322229e+00
1.469339291037706108e+00
1.466214965479828658e+00
1.457298493134702166e+00
1.443764204256282380e+00
1.420585438645842080e+00
1.370277020324373041e+00
1.317913621682229808e+00
1.258667538020304955e+00
1.181857929697356369e+00
1.132204733912322903e+00
1.092931870692671614e+00
1.056724447755254204e+00
2.400774820330118686e+00
