1.467113135845184990e+00
1.467112822333221045e+00
1.467112188978257237e+00
1.467109972262657269e+00
1.467103639019082362e+00
1.467081475344556019e+00
1.467049820176197006e+00
1.466954905621481675e+00
1.466796884268065648e+00
1.466481475484975094e+00
1.465540281529120747e+00
1.463988144280494064e+00
1.460943971364112359e+00
1.452258465901179241e+00
1.439081688726819186e+00
1.416536750749649132e+00
1.367699366480104706e+00
1.316966031176666219e+00
1.259546043683459349e+00
1.184799486698457693e+00
1.136382323721214505e+00
1.098777524015507323e+00
nan
nan
