1.453696153994421980e+00
1.453695850637732212e+00
1.453695237798287465e+00
1.453693092884997151e+00
1.453686964773403201e+00
1.453665518857469863e+00
1.453634888510046297e+00
1.453543044551399710e+00
1.453390128001031734e+00
1.453084880847745675e+00
1.452173792671235697e+00
1.450670598649551390e+00
1.447719906796232525e+00
1.439283485616798197e+00
1.426438001936857880e+00
1.404344948030392670e+00
1.356101158547801555e+00
1.305633231432823838e+00
1.248381618534200266e+00
1.174012956683071041e+00
1.125794150879596334e+00
1.087564639323470583e+00
nan
nan
