1.458896247189699569e+00
1.458895931528078727e+00
1.458895293830383411e+00
1.458893061915285561e+00
1.458886685245018411e+00
1.458864369581917675e+00
1.458832497300315056e+00
1.458736931499429401e+00
1.458577825047723264e+00
1.458260247237014307e+00
1.457312555536130372e+00
1.455749619823062835e+00
1.452683966196243182e+00
1.443934955520861152e+00
1.430655533989220185e+00
1.407917900250239329e+00
1.358603057775247480e+00
1.307342261205026723e+00
1.249450216010249415e+00
1.174797494428404754e+00
1.127252876318555863e+00
1.091123783692372839e+00
nan
nan
