1.450741903529941812e+00
1.450741606597413691e+00
1.450741006735961625e+00
1.450738907244800036e+00
1.450732908903454188e+00
1.450711917098037373e+00
1.450681935249908738e+00
1.450592035167220795e+00
1.450442353013694952e+00
1.450143554493801723e+00
1.449251652443801719e+00
1.447779912573153638e+00
1.444890239354720496e+00
1.436623040416064478e+00
1.424020619489658079e+00
1.402305811047155570e+00
1.354722579319624032e+00
1.304717137385089654e+00
1.247731016190848585e+00
1.173442486813986996e+00
1.125246643987392048e+00
1.086855977511166582e+00
9.142257202889473078e+00
nan
