1.471800322628561197e+00
1.471800001325580309e+00
1.471799352231240032e+00
1.471797080428491444e+00
1.471790589798782634e+00
1.471767875338981346e+00
1.471735433513276181e+00
1.471638160247325411e+00
1.471476211904950038e+00
1.471152964833486898e+00
1.470188380599857458e+00
1.468597668823572899e+00
1.465477836663089617e+00
1.456576469481927649e+00
1.443072407900105381e+00
1.419968930729296863e+00
1.369934412023442905e+00
1.317992188422252298e+00
1.259308171062331505e+00
1.183283766688108640e+00
1.134163789334305505e+00
1.095171066979399033e+00
1.059410207535398385e+00
nan
