1.452692092049161721e+00
1.452691792365584655e+00
1.452691186946516000e+00
1.452689068004306749e+00
1.452683014093993252e+00
1.452661827860310728e+00
1.452631568427818598e+00
1.452540836792618473e+00
1.452389772710767968e+00
1.452088225235515839e+00
1.451188194132001508e+00
1.449703289447483945e+00
1.446788659990899450e+00
1.438456416592999387e+00
1.425772070215340470e+00
1.403960752132643597e+00
1.356334976269892190e+00
1.306487686750864796e+00
1.249877747236619152e+00
1.176329095131277258e+00
1.128801255266490111e+00
1.091234627839416049e+00
1.057643459145637621e+00
nan
