1.465070361071830085e+00
1.465070042413516127e+00
1.465069398661959843e+00
1.465067145558978323e+00
1.465060708357442953e+00
1.465038180899882692e+00
1.465006006229841562e+00
1.464909534498508581e+00
1.464748922270627807e+00
1.464428348251749945e+00
1.463471789479297680e+00
1.461894472621456442e+00
1.458801489563118281e+00
1.449980907667554719e+00
1.436610983511162010e+00
1.413767570872233259e+00
1.364404843056805205e+00
1.313250075332600852e+00
1.255448929742394526e+00
1.180343685759444261e+00
1.131471330781358420e+00
1.092416357648487324e+00
1.056726024128390673e+00
nan
