1.477982234349190405e+00
1.477981913767778321e+00
1.477981266131124238e+00
1.477978999430023199e+00
1.477972523373800806e+00
1.477949859890949513e+00
1.477917490807749035e+00
1.477820435193215376e+00
1.477658847686853960e+00
1.477336315131111411e+00
1.476373817790523235e+00
1.474786399250723967e+00
1.471672489703826248e+00
1.462784109857257153e+00
1.449288879243408212e+00
1.426172396815648558e+00
1.376020943359040682e+00
1.323913889825799162e+00
1.265105690962867069e+00
1.189095330493981084e+00
1.140152197887402519e+00
1.101730629268436346e+00
nan
nan
