1.461426602140226017e+00
1.461426273460688208e+00
1.461425609464406694e+00
1.461423285506449066e+00
1.461416645875519560e+00
1.461393410071187171e+00
1.461360223898414912e+00
1.461260720628154264e+00
1.461095065708785778e+00
1.460764443151029823e+00
1.459778029941908528e+00
1.458151903101422064e+00
1.454964687916199484e+00
1.445885608056230565e+00
1.432150248816960625e+00
1.408746011689308908e+00
1.358395214592769129e+00
1.306505258142609094e+00
1.248265658109523280e+00
1.173414638292828327e+00
1.125507182550271823e+00
1.088144671210890868e+00
1.975503953315662198e+00
nan
