1.461896691867412112e+00
1.461896378166727795e+00
1.461895744430495636e+00
1.461893526380029229e+00
1.461887189319055036e+00
1.461865012242336448e+00
1.461833337816854428e+00
1.461738364708264903e+00
1.461580243167561743e+00
1.461264624351403585e+00
1.460322724648954074e+00
1.458769169528792986e+00
1.455721328489234079e+00
1.447019433128782229e+00
1.433803735196732987e+00
1.411165084932393343e+00
1.362087782877085207e+00
1.311170039828136513e+00
1.253759059194187619e+00
1.179574260305880307e+00
1.131631782090640526e+00
1.093395174436450512e+00
1.058205896839419236e+00
nan
