1.463615166398535727e+00
1.463614841997980420e+00
1.463614186646010618e+00
1.463611892942214388e+00
1.463605339743629941e+00
1.463582406357751609e+00
1.463549651955697861e+00
1.463451442196097574e+00
1.463287937138713524e+00
1.462961591966197794e+00
1.461987834578681200e+00
1.460382228397135496e+00
1.457234017480290245e+00
1.448257566604626012e+00
1.434655276206284302e+00
1.411422810896239222e+00
1.361238981025863826e+00
1.309236728344403966e+00
1.250418967057872477e+00
1.173748193836901876e+00
1.123907050371470318e+00
1.084542316159185171e+00
1.048733113709906961e+00
nan
