1.447030429945267871e+00
1.447030130545222448e+00
1.447029525698966923e+00
1.447027408761454748e+00
1.447021360577632976e+00
1.447000194373037507e+00
1.446969963516664848e+00
1.446879317350048266e+00
1.446728394852019317e+00
1.446427127320713435e+00
1.445527910570636454e+00
1.444044280234366262e+00
1.441131903604961018e+00
1.432804306000588612e+00
1.420122023041471282e+00
1.398300471321817895e+00
1.350594242477809459e+00
1.300585915128269709e+00
1.243719795535946471e+00
1.169682335990318123e+00
1.121508804497103995e+00
1.082976130638594103e+00
1.047413991965481239e+00
nan
