1.459354760308235077e+00
1.459354443728963169e+00
1.459353804177480285e+00
1.459351565774523962e+00
1.459345170570754302e+00
1.459322790078930288e+00
1.459290825288660942e+00
1.459194982693691856e+00
1.459035417352441577e+00
1.458716930847751447e+00
1.457766584912154162e+00
1.456199459525981732e+00
1.453126265173076304e+00
1.444360637856029195e+00
1.431069689658434285e+00
1.408349452666589841e+00
1.359218255846824652e+00
1.308309659599911967e+00
1.250885003031702025e+00
1.176514613152955580e+00
1.128388089340844447e+00
1.090212194730497686e+00
nan
nan
