1.466389192093854543e+00
1.466388870630279673e+00
1.466388221211503806e+00
1.466385948272955098e+00
1.466379454395748239e+00
1.466356728542533627e+00
1.466324270367310501e+00
1.466226947536817704e+00
1.466064914873750791e+00
1.465741492786799549e+00
1.464776333500813044e+00
1.463184503002324055e+00
1.460061878208727348e+00
1.451148472363113617e+00
1.437616090839235694e+00
1.414442635363553302e+00
1.364206557934851460e+00
1.312039554748090531e+00
1.253116686367558463e+00
1.176823779804957226e+00
1.127637995030981166e+00
1.088976556510318439e+00
1.056204186414141155e+00
nan
