1.445529176115320835e+00
1.445528873403448600e+00
1.445528261866722453e+00
1.445526121513503348e+00
1.445520006435970117e+00
1.445498606199736802e+00
1.445468041272527815e+00
1.445376394726471947e+00
1.445223811024389349e+00
1.444919243826515043e+00
1.444010307741817378e+00
1.442511062621142148e+00
1.439569540345252641e+00
1.431169306878524727e+00
1.418405287378691204e+00
1.396517315422687311e+00
1.348938401626908590e+00
1.299368268707929097e+00
1.243259983758475462e+00
1.170493654819547036e+00
1.123272994714371364e+00
1.085535688438290070e+00
1.053672603091590609e+00
nan
