1.462172496931982479e+00
1.462172181068244425e+00
1.462171542962204862e+00
1.462169309617701751e+00
1.462162928861617361e+00
1.462140598877213149e+00
1.462108706080122111e+00
1.462013078335236971e+00
1.461853867324881540e+00
1.461536075501374210e+00
1.460587703568008600e+00
1.459023513062842170e+00
1.455954939502627443e+00
1.447194622632800520e+00
1.433891418624622993e+00
1.411102127038869503e+00
1.361672632821575579e+00
1.310338424692702564e+00
1.252409263175353837e+00
1.177449894168722588e+00
1.128922813782278656e+00
1.090345860516139576e+00
1.055130837857239046e+00
nan
