1.466654856904240356e+00
1.466654539702823890e+00
1.466653898894441088e+00
1.466651656092070821e+00
1.466645248316890804e+00
1.466622823805168840e+00
1.466590796075518899e+00
1.466494764283478025e+00
1.466334882355445179e+00
1.466015757994906688e+00
1.465063461749001261e+00
1.463492967982350956e+00
1.460412627243673933e+00
1.451622834211303559e+00
1.438285243999761764e+00
1.415459595810384830e+00
1.365995386381714249e+00
1.314582796450165292e+00
1.256378534121852741e+00
1.180661042909397551e+00
1.131553746362417678e+00
1.092845988815980718e+00
1.060643416306957132e+00
nan
