1.467932645398092095e+00
1.467932327740423926e+00
1.467931686010281789e+00
1.467929439981331186e+00
1.467923022983322889e+00
1.467900566144832997e+00
1.467868492107664125e+00
1.467772320502188643e+00
1.467612202591766613e+00
1.467292595238234520e+00
1.466338763218668184e+00
1.464765429726144763e+00
1.461678424843095847e+00
1.452861924637417923e+00
1.439463574172905158e+00
1.416485382771706103e+00
1.366550572166616240e+00
1.314596792163566841e+00
1.255943277140153302e+00
1.180296944597116759e+00
1.132010813941457306e+00
1.098562492575201999e+00
nan
nan
