1.469238393114988384e+00
1.469238067961171845e+00
1.469237411087453760e+00
1.469235112057641013e+00
1.469228543642715490e+00
1.469205557009600316e+00
1.469172726567002041e+00
1.469074288875153789e+00
1.468910404560084926e+00
1.468583303217407376e+00
1.467607295784658650e+00
1.465997999178275890e+00
1.462842617902045728e+00
1.453846122305967992e+00
1.440214294674515338e+00
1.416933400944553778e+00
1.366666764299544701e+00
1.314685726198925986e+00
1.256221109849561257e+00
1.180912190900293757e+00
1.132614440118457910e+00
1.094889514970512456e+00
nan
nan
