1.465208963795103347e+00
1.465208632792551979e+00
1.465207964103295346e+00
1.465205623720051697e+00
1.465198937160440140e+00
1.465175537114223658e+00
1.465142116332994515e+00
1.465041909398860698e+00
1.464875082246559490e+00
1.464542117262587873e+00
1.463548693365897435e+00
1.461910939070884652e+00
1.458700694562880873e+00
1.449554506292702438e+00
1.435714463579739419e+00
1.412127575969311488e+00
1.361391969493894294e+00
1.309151099375626348e+00
1.250601815837928621e+00
1.175494950448723541e+00
1.127472855268575547e+00
1.089790820071607103e+00
1.055811851339540475e+00
nan
