1.463022423395587746e+00
1.463022098837457374e+00
1.463021443167130897e+00
1.463019148349224086e+00
1.463012591968454901e+00
1.462989647456798492e+00
1.462956877192674421e+00
1.462858620071486149e+00
1.462695036825040651e+00
1.462368538060006884e+00
1.461394341880125847e+00
1.459788075717302958e+00
1.456638798554076297e+00
1.447660938003994202e+00
1.434061002708487687e+00
1.410844808348026946e+00
1.360748864867720176e+00
1.308928294872449216e+00
1.250499619092604986e+00
1.174924226824527684e+00
1.126316550032168573e+00
1.088117371600205940e+00
1.067169680262118892e+00
nan
