1.471043127517490001e+00
1.471042809661634365e+00
1.471042167531154687e+00
1.471039920101676834e+00
1.471033499107636811e+00
1.471011028346604244e+00
1.470978934591573140e+00
1.470882705040619021e+00
1.470722494567000993e+00
1.470402717025526051e+00
1.469448491716868199e+00
1.467874879761914997e+00
1.464788633892729175e+00
1.455983236216798371e+00
1.442624143340166976e+00
1.419762593335526679e+00
1.370200021624827791e+00
1.318642626055100520e+00
1.260250860787127003e+00
1.184364672244603955e+00
1.135189793839048278e+00
1.096219892472423130e+00
1.066307608597508727e+00
nan
