1.472207607041076782e+00
1.472207266602375109e+00
1.472206578850291381e+00
1.472204171748213719e+00
1.472197294572866078e+00
1.472173227481987867e+00
1.472138854077600367e+00
1.472035791373762059e+00
1.471864211588685079e+00
1.471521767410202131e+00
1.470500112192070663e+00
1.468815978262481670e+00
1.465515389738382357e+00
1.456115603466108022e+00
1.441901044082498862e+00
1.417695824022853657e+00
1.365687069059397185e+00
1.312189296221243362e+00
1.252263588218585522e+00
1.175254131498155052e+00
1.125710078162603489e+00
1.086577326806038357e+00
1.053500166930248172e+00
nan
