1.459577374352624135e+00
1.459577054641085114e+00
1.459576408761797728e+00
1.459574148211607802e+00
1.459567689730921991e+00
1.459545087779877459e+00
1.459512806646332095e+00
1.459416015212548823e+00
1.459254869111417552e+00
1.458933223490482156e+00
1.457973419636917622e+00
1.456390597105792439e+00
1.453286264782815085e+00
1.444429404412696627e+00
1.430994137188119630e+00
1.408014549110132796e+00
1.358299963308024161e+00
1.306826030458448029e+00
1.248938622991134118e+00
1.174471139949817111e+00
1.126659998342068647e+00
1.089009843678891309e+00
1.055296700400233600e+00
nan
