1.456931127910460422e+00
1.456930821956937683e+00
1.456930203871443341e+00
1.456928040597699425e+00
1.456921860034233518e+00
1.456900230612700353e+00
1.456869338319431995e+00
1.456776709968440331e+00
1.456622490901900768e+00
1.456314656637443861e+00
1.455395948611261092e+00
1.453880514179241246e+00
1.450906975799757248e+00
1.442413522188241481e+00
1.429502972208964495e+00
1.407350114713680878e+00
1.359126558895860093e+00
1.308747463658731514e+00
1.251505182488650947e+00
1.176997158755900275e+00
1.128808262270299068e+00
1.091106770837360962e+00
nan
nan
