1.464217935685966365e+00
1.464217611629124782e+00
1.464216956971467143e+00
1.464214665697728845e+00
1.464208119441682721e+00
1.464185210348964539e+00
1.464152490635966419e+00
1.464054384834123645e+00
1.463891052675251991e+00
1.463565051933602756e+00
1.462592316919405055e+00
1.460988378390095432e+00
1.457843367715928373e+00
1.448875474189827983e+00
1.435284323620269253e+00
1.412065551575714339e+00
1.361899112854828120e+00
1.309964765446460566e+00
1.251485890845878579e+00
1.176191914236927927e+00
1.128011246332109918e+00
1.090224380742666810e+00
1.055527237944878349e+00
nan
