1.465447380018212620e+00
1.465447056909347401e+00
1.465446404166834915e+00
1.465444119596011729e+00
1.465437592490774099e+00
1.465414750421816903e+00
1.465382126446082012e+00
1.465284307779102901e+00
1.465121453925509076e+00
1.464796408873121347e+00
1.463826534079885944e+00
1.462227343101256682e+00
1.459091777360900899e+00
1.450152183831339370e+00
1.436609650051948295e+00
1.413497971991208635e+00
1.363714500633139703e+00
1.312441633327157131e+00
1.254989648959668136e+00
1.181101090718058577e+00
1.133391879825071502e+00
1.095240660321540771e+00
1.061729834422478369e+00
nan
