1.465062404547352815e+00
1.465062083792188830e+00
1.465061435804603684e+00
1.465059167875781165e+00
1.465052688316845098e+00
1.465030012633192102e+00
1.464997626278656151e+00
1.464900519966551240e+00
1.464738851676190112e+00
1.464416171401048850e+00
1.463453340281539061e+00
1.461865720826079240e+00
1.458752675661315834e+00
1.449875821244516416e+00
1.436422914277283081e+00
1.413442992253986397e+00
1.363804865682410883e+00
1.312390845986747490e+00
1.254299321328716355e+00
1.178722856469653246e+00
1.129600251779940612e+00
1.090459582926394999e+00
1.053745038707598614e+00
nan
