1.468044143784441147e+00
1.468043815446425260e+00
1.468043152140075858e+00
1.468040830596576418e+00
1.468034197861830981e+00
1.468010986167654464e+00
1.467977834366365641e+00
1.467878433706763186e+00
1.467712948133561346e+00
1.467382658058258293e+00
1.466397193767902785e+00
1.464772494093865118e+00
1.461587606019809860e+00
1.452512154350928286e+00
1.438775806291664683e+00
1.415359940854719945e+00
1.364982742551643646e+00
1.313085673102610151e+00
1.254779959638866682e+00
1.179357610497675513e+00
1.130455028033340747e+00
1.091597954957617800e+00
1.055967291993538115e+00
nan
