1.453081684962251652e+00
1.453081381685412232e+00
1.453080769007307982e+00
1.453078624658802331e+00
1.453072498162183868e+00
1.453051057913302690e+00
1.453020435701330548e+00
1.452928616428298847e+00
1.452775741946793042e+00
1.452470582370346541e+00
1.451559783768128442e+00
1.450057157522605999e+00
1.447107889627195609e+00
1.438677520998350445e+00
1.425845453147630781e+00
1.403780324844022376e+00
1.355563814599658023e+00
1.304963026489589506e+00
1.247198747251295980e+00
1.171475164881875086e+00
1.122133767655098202e+00
1.083081500541364983e+00
1.379741598499090172e+00
nan
