1.460067535695340757e+00
1.460067234794958368e+00
1.460066626917769339e+00
1.460064499372533131e+00
1.460058420885460118e+00
1.460037148672469920e+00
1.460006766518429089e+00
1.459915667466004985e+00
1.459763993507127378e+00
1.459461235549044389e+00
1.458557646224704074e+00
1.457067049114447954e+00
1.454141882863047686e+00
1.445784016193272459e+00
1.433072578978749512e+00
1.411242981262193608e+00
1.363649700788343244e+00
1.313814841691692381e+00
1.256963244458784601e+00
1.182223249472271531e+00
1.133105561974144360e+00
1.093792281204487349e+00
1.057549073528176731e+00
nan
