1.468875966444711079e+00
1.468875635091126064e+00
1.468874965692674506e+00
1.468872622826582264e+00
1.468865929167829210e+00
1.468842504212397593e+00
1.468809047678884649e+00
1.468708732306168496e+00
1.468541720496794323e+00
1.468208371572881088e+00
1.467213680764764216e+00
1.465573443752722804e+00
1.462356930204810501e+00
1.453183063109273476e+00
1.439275534297602688e+00
1.415513201187216907e+00
1.364231213979176793e+00
1.311351941187317127e+00
1.252132889486203160e+00
1.176011151805419486e+00
1.126784728189671458e+00
1.087419660255845910e+00
2.514488795658901488e+00
nan
