1.466727446776276533e+00
1.466727134189535153e+00
1.466726502703710189e+00
1.466724292530146245e+00
1.466717977978307053e+00
1.466695879727152318e+00
1.466664318026932312e+00
1.466569683919565437e+00
1.466412130117482837e+00
1.466097656928133652e+00
1.465159273087839331e+00
1.463611826747600819e+00
1.460577037147356982e+00
1.451919278610154240e+00
1.438785575246154691e+00
1.416309254835752318e+00
1.367546960472207918e+00
1.316708254971391989e+00
1.258900747323182800e+00
1.183308658380568090e+00
1.134093771476097690e+00
1.095114103719138976e+00
1.059707953843281203e+00
nan
