1.460369317585992643e+00
1.460368999395502465e+00
1.460368356589045957e+00
1.460366106793632213e+00
1.460359679040277303e+00
1.460337184627045648e+00
1.460305057097806225e+00
1.460208726327714590e+00
1.460048347500698451e+00
1.459728234548729464e+00
1.458773013492778103e+00
1.457197777152597906e+00
1.454108415498474249e+00
1.445294742608483451e+00
1.431925325646320468e+00
1.409054451947664210e+00
1.359520134112643719e+00
1.308072821832247490e+00
1.249887058191889500e+00
1.174332083504256108e+00
1.125390356457258267e+00
1.086506934237815081e+00
1.050627703012499303e+00
nan
