1.448616565154355662e+00
1.448616259302785370e+00
1.448615641423275813e+00
1.448613478870512727e+00
1.448607300367011907e+00
1.448585678156002476e+00
1.448554796165147263e+00
1.448462198733160511e+00
1.448308031236442028e+00
1.448000300248208916e+00
1.447081903017243043e+00
1.445566988956531018e+00
1.442594495097830665e+00
1.434104147731090073e+00
1.421198482603565960e+00
1.399054633645799628e+00
1.350867421707487415e+00
1.300593706503370139e+00
1.243590712923406949e+00
1.169444430725362638e+00
1.121243672128833690e+00
1.082763923408391893e+00
nan
nan
