1.449882350869201364e+00
1.449882051627832125e+00
1.449881447102138843e+00
1.449879331286801465e+00
1.449873286310879639e+00
1.449852131353599693e+00
1.449821916617818562e+00
1.449731319186301048e+00
1.449580479153232515e+00
1.449279381166395320e+00
1.448380709280326695e+00
1.446898103383437162e+00
1.443988179887904844e+00
1.435670633359910742e+00
1.423011311198682849e+00
1.401246393898341047e+00
1.353707540941630372e+00
1.303880570834272445e+00
1.247128612180422591e+00
1.172861591069063403e+00
1.124216569620958062e+00
1.085157517297225649e+00
1.048898124711662661e+00
nan
