3.632408163656295041e+00
3.632386298964208393e+00
3.632342130366528199e+00
3.632187566580273419e+00
3.631746181110974803e+00
3.630203956042057811e+00
3.628007831920018855e+00
3.621468802290058964e+00
3.610732056141555457e+00
3.589844234311875493e+00
3.531494392377979352e+00
3.446550047032846287e+00
3.311500694739294204e+00
3.065008114522238536e+00
2.871677168252439571e+00
2.705470160565603521e+00
2.529117418819585961e+00
2.432314340166718214e+00
2.367996414358860768e+00
2.327210224868404342e+00
nan
nan
