3.667837012570613009e+00
3.667814627811843753e+00
3.667769408643074325e+00
3.667611168581486503e+00
3.667159285664552293e+00
3.665580391631835688e+00
3.663332076865653431e+00
3.656637824952264637e+00
3.645646769232944173e+00
3.624266066846829393e+00
3.564550606446720060e+00
3.477640465330620323e+00
3.339501779650365432e+00
3.087558812288583976e+00
2.890563015193857499e+00
2.722104363855927467e+00
2.543776059524130773e+00
2.445021421841324205e+00
2.378285358587740372e+00
2.334444309452702093e+00
nan
nan
