3.647317043690761817e+00
3.647296015220234278e+00
3.647253535754047427e+00
3.647104881768752360e+00
3.646680362951517207e+00
3.645196955965776198e+00
3.643084279926682267e+00
3.636791566986717683e+00
3.626452239113563625e+00
3.606312353669654858e+00
3.549871459069353197e+00
3.467209556851539087e+00
3.334471558519306988e+00
3.087267253507949949e+00
2.888612421780930806e+00
2.717634928330211697e+00
2.539969348795627191e+00
2.443782341865184726e+00
2.380540720702885693e+00
2.343009166999996395e+00
6.972332708153530234e+00
nan
