3.650772585780710067e+00
3.650750728152710955e+00
3.650706573743914607e+00
3.650552058754976681e+00
3.650110805312086981e+00
3.648568956387047368e+00
3.646373139386412721e+00
3.639833435094161018e+00
3.629090425166628275e+00
3.608172091092502143e+00
3.549609496065475600e+00
3.464025398152506430e+00
3.327194016872192073e+00
3.075530386012778283e+00
2.877641546009424012e+00
2.708905733084774781e+00
2.532186632912670099e+00
2.437445855232077463e+00
2.377616092093661759e+00
2.344377910031194112e+00
nan
nan
