3.643117962921025743e+00
3.643096047106663793e+00
3.643051775199050102e+00
3.642896849484213107e+00
3.642454426992393746e+00
3.640908538237465297e+00
3.638707089316009835e+00
3.632151461489486088e+00
3.621385087528667945e+00
3.600431444604969666e+00
3.541845088422399090e+00
3.456442692643694858e+00
3.320511819855595181e+00
3.072817237294958481e+00
2.879836109020690316e+00
2.713571756851494765e+00
2.534428743361627934e+00
2.434982968017970872e+00
2.368470396932654154e+00
2.325716781522090937e+00
2.326825178091587620e+00
nan
