3.664317556137834053e+00
3.664296652496436657e+00
3.664254425171518115e+00
3.664106653271931524e+00
3.663684651200783016e+00
3.662210012146390081e+00
3.660109752686191875e+00
3.653853532433318563e+00
3.643572580416442719e+00
3.623540830518638955e+00
3.567365042131551700e+00
3.484997767017386838e+00
3.352529514648637132e+00
3.105388084424714368e+00
2.906551424643341264e+00
2.734237345047159096e+00
2.551349006609479275e+00
2.450235608779177010e+00
2.382902137039202284e+00
2.338891098064182827e+00
2.340181317022707930e+00
nan
