3.553087938722625072e+00
3.553067650710548975e+00
3.553026667029467678e+00
3.552883247338493256e+00
3.552473675480471993e+00
3.551042487820652571e+00
3.549004155718467945e+00
3.542932696876951226e+00
3.532956343242772412e+00
3.513521741023552192e+00
3.459049567293365879e+00
3.379276470268753663e+00
3.251330692403653355e+00
3.014771039115215601e+00
2.827870301114499885e+00
2.667305244079745563e+00
2.495686774282049214e+00
2.401249534332458690e+00
2.339143265240718694e+00
2.302157097697466348e+00
nan
nan
