3.618481727597349984e+00
3.618461164155410081e+00
3.618419624076947727e+00
3.618274257274957773e+00
3.617859124641668700e+00
3.616408502215176846e+00
3.614342481360157233e+00
3.608188483373373501e+00
3.598076297923903155e+00
3.578376359066155921e+00
3.523155320675419144e+00
3.442269445144293449e+00
3.312465753779011646e+00
3.071625581825432771e+00
2.878828082515099140e+00
2.710559167560497862e+00
2.530412423477780059e+00
2.430967612841328673e+00
2.364761456112879578e+00
2.322570468598569082e+00
2.327337990063569340e+00
nan
