3.596353869256638358e+00
3.596332382798358651e+00
3.596288978331143582e+00
3.596137089230447170e+00
3.595703347677719375e+00
3.594187898998268960e+00
3.592030087222454870e+00
3.585606406670056145e+00
3.575063191993844036e+00
3.554566600965680667e+00
3.497412445360105870e+00
3.414476771104399511e+00
3.283261629816083271e+00
3.045650919505911158e+00
2.860385368148694596e+00
2.699977196744579810e+00
2.526464163871046775e+00
2.428992115545673958e+00
2.362612095149581926e+00
2.319620083221169082e+00
2.323855296945236848e+00
nan
