3.655119222607862373e+00
3.655096774133275161e+00
3.655051426364442246e+00
3.654892737453697915e+00
3.654439582822658572e+00
3.652856362324576001e+00
3.650602200628628946e+00
3.643892723944814005e+00
3.632883767266856800e+00
3.611493576033070863e+00
3.551929216454245530e+00
3.465708177161531456e+00
3.329814349518389172e+00
3.085453724077959148e+00
2.896057113536556482e+00
2.731459835974362260e+00
2.553626902040798896e+00
2.455386118248809701e+00
2.390598548467071094e+00
2.352574940783283441e+00
nan
nan
