3.667879092052983570e+00
3.667856858766658235e+00
3.667811945588537181e+00
3.667654776344518641e+00
3.667205951622930726e+00
3.665637746319893697e+00
3.663404660917719102e+00
3.656755814708626318e+00
3.645839504300646627e+00
3.624604872302000125e+00
3.565301347259483222e+00
3.478994997420722601e+00
3.341775082725745527e+00
3.090774715632250924e+00
2.892948999115220410e+00
2.722604580597594470e+00
2.540703362731051573e+00
2.439655037794543180e+00
2.370794136265537588e+00
2.322455458561790920e+00
2.320190751995695244e+00
nan
