3.589140709330161716e+00
3.589119583885326037e+00
3.589076908597664151e+00
3.588927570145080903e+00
3.588501103483512811e+00
3.587010969531540194e+00
3.584888926475125803e+00
3.578569805846958829e+00
3.568191975379059411e+00
3.547994778904858482e+00
3.491521910299240083e+00
3.409176469146979915e+00
3.277937881995601099e+00
3.037220889777894950e+00
2.846617135949233823e+00
2.680919761079941122e+00
2.504548122461721427e+00
2.408196637892878300e+00
2.344598413833247630e+00
2.303746761375625951e+00
2.303928239047674520e+00
nan
