3.645920756069810142e+00
3.645898666581250058e+00
3.645854043884070528e+00
3.645697891115481593e+00
3.645251968831385359e+00
3.643693901401045654e+00
3.641475243374657556e+00
3.634869296583271847e+00
3.624023255662491394e+00
3.602924865515023001e+00
3.544001262795914542e+00
3.458259872887357922e+00
3.322036102012418723e+00
3.073805158186696751e+00
2.880211955218191733e+00
2.714863954103906796e+00
2.539578514231145778e+00
2.444278554983634333e+00
2.381788369109727022e+00
2.345593448249544632e+00
nan
nan
