3.698038636751107777e+00
3.698015180861759621e+00
3.697967798002708584e+00
3.697801987235825649e+00
3.697328492665063582e+00
3.695674178136294952e+00
3.693318711144639277e+00
3.686307123338923297e+00
3.674800578687416497e+00
3.652436799661539890e+00
3.590113582893664557e+00
3.499773828993497649e+00
3.357103739428032529e+00
3.100055532761928134e+00
2.901670078462518010e+00
2.731660201200925897e+00
2.550541649584890713e+00
2.451472714084203197e+00
2.385221178524089769e+00
2.341908679086787348e+00
nan
nan
