3.678067115519070729e+00
3.678044672436935780e+00
3.677999335481740850e+00
3.677840683574468361e+00
3.677387627440023454e+00
3.675804667728399533e+00
3.673550653997406545e+00
3.666840069343477282e+00
3.655824299106299691e+00
3.634403266253030118e+00
3.574633626621370297e+00
3.487818010190865792e+00
3.350320626698322979e+00
3.101040129832749237e+00
2.905608092236316775e+00
2.734499244275448326e+00
2.549898384895764369e+00
2.448368360833176549e+00
2.381605599240542492e+00
2.341188918274393682e+00
nan
nan
