3.608386566691367925e+00
3.608364627974967931e+00
3.608320309844891050e+00
3.608165222817219853e+00
3.607722343419018429e+00
3.606174901803457011e+00
3.603971358383509127e+00
3.597410302654855840e+00
3.586637615327625372e+00
3.565680765452831302e+00
3.507145978701669886e+00
3.421961791787253571e+00
3.286645754184303936e+00
3.040398180119230798e+00
2.848747159151056252e+00
2.685842395492349155e+00
2.514149365068960584e+00
2.420147977083596302e+00
2.357238680275057785e+00
2.316038135321012437e+00
nan
nan
