3.648651482647469191e+00
3.648629709983489011e+00
3.648585727195856165e+00
3.648431812635546390e+00
3.647992272600530050e+00
3.646456396151354085e+00
3.644269045677907215e+00
3.637754284910570401e+00
3.627051369746501219e+00
3.606207982608398588e+00
3.547833436265453333e+00
3.462466452552344087e+00
3.325830285090790817e+00
3.073947809639344442e+00
2.875887257714629275e+00
2.708651342772210757e+00
2.533350785145571660e+00
2.435836606186170705e+00
2.370846739431808903e+00
2.331367764260148245e+00
nan
nan
