3.629303395827911061e+00
3.629281536296400379e+00
3.629237378067359909e+00
3.629082849973965352e+00
3.628641561367656809e+00
3.627099615752853889e+00
3.624903730794723611e+00
3.618364300459923300e+00
3.607623231881415204e+00
3.586713589078688535e+00
3.528202616279930037e+00
3.442727044472655873e+00
3.305954885587369052e+00
3.052720251310689914e+00
2.851422091893612176e+00
2.681151327551599461e+00
2.507715190607396227e+00
2.415026079468971520e+00
2.354146010088154828e+00
2.316651021700190771e+00
2.327344900806157302e+00
nan
