3.606862091984394336e+00
3.606841047195942895e+00
3.606798534831077596e+00
3.606649766403885682e+00
3.606224926634840511e+00
3.604740466419849021e+00
3.602626473922798667e+00
3.596331122337869779e+00
3.585991656889832235e+00
3.565866687489987807e+00
3.509577896212364490e+00
3.427450208977781188e+00
3.296423851111700998e+00
3.055714605923915528e+00
2.865449830879829740e+00
2.701714041317263781e+00
2.528915677329873990e+00
2.434083348502301902e+00
2.371029212301542621e+00
2.332135073912589895e+00
2.388682669202818243e+00
nan
