3.641775325652545359e+00
3.641753139990898447e+00
3.641708323000846459e+00
3.641551490168619232e+00
3.641103624515349857e+00
3.639538751487689794e+00
3.637310361163407446e+00
3.630675151110008603e+00
3.619780144559178403e+00
3.598583302117149607e+00
3.539363406094315767e+00
3.453140001148604643e+00
3.316049204815509910e+00
3.065883473033725881e+00
2.869752414171686805e+00
2.701484692627123430e+00
2.522667181691263583e+00
2.423030201440268261e+00
2.355203057150540236e+00
2.308501535694964524e+00
2.306872760437350678e+00
nan
