3.584354978328460284e+00
3.584333409515569446e+00
3.584289838644466819e+00
3.584137366804248437e+00
3.583701957492139822e+00
3.582180639245312381e+00
3.580014355627746614e+00
3.573564658854415210e+00
3.562976157167097924e+00
3.542382311096276215e+00
3.484892731123591325e+00
3.401304025407030363e+00
3.268665299488139109e+00
3.027360650477132431e+00
2.838618580533286639e+00
2.677363658518906675e+00
2.508625012195984993e+00
2.416715446943094481e+00
2.355836112309155794e+00
2.317733397361427805e+00
nan
nan
