3.670449832527196588e+00
3.670426551324459385e+00
3.670379521397609146e+00
3.670214946207577711e+00
3.669744984547868683e+00
3.668103066465397522e+00
3.665765392278536261e+00
3.658807760032904088e+00
3.647392984479986833e+00
3.625219080681630235e+00
3.563505939886555840e+00
3.474265148290381688e+00
3.333833135538038839e+00
3.081860937776649045e+00
2.886556294306689363e+00
2.716738903077700051e+00
2.534176749534624129e+00
2.434798023570885483e+00
2.370655342227122375e+00
2.331127872153503588e+00
nan
nan
