3.677757936092340252e+00
3.677735602175436380e+00
3.677690485729445236e+00
3.677532605323039050e+00
3.677081751067538207e+00
3.675506469840255530e+00
3.673263349661018751e+00
3.666584912862930867e+00
3.655620957733722420e+00
3.634297024622082706e+00
3.574768392459724442e+00
3.488201488965624097e+00
3.350746511379590675e+00
3.099989333166263350e+00
2.903123126337398219e+00
2.734471119301798314e+00
2.555673947985956040e+00
2.457059487835388634e+00
2.391176554578821722e+00
2.348519742527847676e+00
2.355969523510669017e+00
nan
