3.644552235010327212e+00
3.644528530008213529e+00
3.644480643974370881e+00
3.644313072972479084e+00
3.643834556670045632e+00
3.642162753492009131e+00
3.639782537438439380e+00
3.632698339415446398e+00
3.621076109644981056e+00
3.598500032807304461e+00
3.535676191926314882e+00
3.444865244132138571e+00
3.302129468914518640e+00
3.047378344072187772e+00
2.853559459531752385e+00
2.690415786771974016e+00
2.518242323575357045e+00
2.424381578687264227e+00
2.363404593744440341e+00
2.327113136410880134e+00
2.429906618900907755e+00
nan
