3.644971481662348189e+00
3.644948424774989704e+00
3.644901847943677886e+00
3.644738857883746075e+00
3.644273419136966563e+00
3.642647261162332395e+00
3.640331913688030330e+00
3.633439960486565923e+00
3.622130462058245293e+00
3.600152463593198515e+00
3.538928211097691179e+00
3.450265217038452015e+00
3.310533362028251769e+00
3.059977274144265902e+00
2.867322287125876112e+00
2.702260077266186222e+00
2.527383183157161817e+00
2.431849450684655967e+00
2.369115120773046090e+00
2.332160923551267917e+00
nan
nan
