3.599758160567197329e+00
3.599736945787811671e+00
3.599694090069967878e+00
3.599544120572749417e+00
3.599115854871947295e+00
3.597619470152842336e+00
3.595488620357771836e+00
3.589143932684630389e+00
3.578726244024979852e+00
3.558459023183481396e+00
3.501842677273733884e+00
3.419425380809469228e+00
3.288422533254573121e+00
3.049541535705606154e+00
2.862371014693763982e+00
2.701181193433827232e+00
2.529809680231908775e+00
2.435585869262602010e+00
2.372643115146984893e+00
2.332459632031437913e+00
nan
nan
