3.619955072575803623e+00
3.619933475765243269e+00
3.619889848311190317e+00
3.619737178198516592e+00
3.619301200406997321e+00
3.617777869406489266e+00
3.615608648698962924e+00
3.609149714237872342e+00
3.598544452792040271e+00
3.577912384430294246e+00
3.520278017910305923e+00
3.436384576817346659e+00
3.303072708545482516e+00
3.060250305595298759e+00
2.869990698527389306e+00
2.704770333285091422e+00
2.527633602915450250e+00
2.430303797089513385e+00
2.366052170601419924e+00
2.327061276484686303e+00
2.331297525960137396e+00
nan
