3.683102670406821488e+00
3.683080634402855047e+00
3.683036119723902324e+00
3.682880344689224206e+00
3.682435498818510400e+00
3.680881165988343806e+00
3.678667755138840700e+00
3.672076940422710045e+00
3.661254160093215582e+00
3.640195461301509283e+00
3.581344906101218140e+00
3.495614926218062024e+00
3.359186264718659665e+00
3.109607082426491864e+00
2.912448581673879655e+00
2.740540782337779202e+00
2.555946278177915421e+00
2.453944655625579951e+00
2.386404275409382159e+00
2.344807628316775361e+00
nan
nan
