3.591612828333456964e+00
3.591591535007019775e+00
3.591548520624287644e+00
3.591397995968026891e+00
3.590968145539042311e+00
3.589466231042850453e+00
3.587327526646406195e+00
3.580959590306198592e+00
3.570504185197984182e+00
3.550165254219079358e+00
3.493360843886687217e+00
3.410703908265608764e+00
3.279408491161014627e+00
3.040383580735586566e+00
2.854022067344801350e+00
2.694730302325079041e+00
2.524680009406468084e+00
2.429819577037559686e+00
2.365443107626103103e+00
2.324895437842736445e+00
nan
nan
