3.636366000197268189e+00
3.636343738656670599e+00
3.636298768436154738e+00
3.636141399932777407e+00
3.635692009230645727e+00
3.634121861777857454e+00
3.631886106044440510e+00
3.625229975697653373e+00
3.614303895438529146e+00
3.593058227546960914e+00
3.533782387245730572e+00
3.447682412227310422e+00
3.311239008462378841e+00
3.063283933714882057e+00
2.869520058826699582e+00
2.703950806231841142e+00
2.530147715748998660e+00
2.435889388223761554e+00
2.373581597490385331e+00
2.332151010082303078e+00
2.332725317106404184e+00
nan
