3.659962128889268751e+00
3.659939452496721035e+00
3.659893644234133436e+00
3.659733343032187669e+00
3.659275577038490823e+00
3.657676160937670673e+00
3.655398713878566408e+00
3.648618362963528483e+00
3.637488082033677461e+00
3.615844564276139650e+00
3.555458059586813935e+00
3.467769524402793735e+00
3.329007249369672738e+00
3.078493371083830255e+00
2.885140462215580293e+00
2.719890826871760758e+00
2.541924213680115674e+00
2.442189433488526351e+00
2.374594583919846791e+00
2.330508020449975515e+00
2.332293553157781751e+00
nan
