3.575211799184480732e+00
3.575190575695827544e+00
3.575147702308030251e+00
3.574997670169375752e+00
3.574569218673556481e+00
3.573072104372902569e+00
3.570939999720262659e+00
3.564590070593489202e+00
3.554158871569676137e+00
3.533847776972938615e+00
3.476983576880499083e+00
3.393864566738131749e+00
3.260867672580345378e+00
3.015595918852162161e+00
2.822481987939738257e+00
2.658606557225628109e+00
2.488133839170248773e+00
2.395447010737958404e+00
2.332924521289740039e+00
2.290957892033508969e+00
nan
nan
