3.614592662369171983e+00
3.614571629058820790e+00
3.614529139836832439e+00
3.614380451934713800e+00
3.613955838170884505e+00
3.612472121734872754e+00
3.610359065376940180e+00
3.604065648313845571e+00
3.593726607551908092e+00
3.573592789109457435e+00
3.517213563365731765e+00
3.434790625598062697e+00
3.302938919110759208e+00
3.059876239560421762e+00
2.867522322919796807e+00
2.701887979712266574e+00
2.526017347767014698e+00
2.429557453849084947e+00
2.365816275553334513e+00
2.324266013989506163e+00
nan
nan
