3.632613799141196420e+00
3.632592267800317742e+00
3.632548772557066652e+00
3.632396564645015591e+00
3.631961902826708943e+00
3.630443124297240587e+00
3.628280264144485123e+00
3.621839422520880980e+00
3.611261147935743043e+00
3.590672068959959606e+00
3.533093522344219028e+00
3.449121545210989126e+00
3.315300996756241236e+00
3.070004329792902720e+00
2.875706689179323483e+00
2.706098252464760545e+00
2.524809935473131262e+00
2.425639799345512326e+00
2.360068342728934176e+00
2.318535409588871499e+00
nan
nan
