3.693356702848155315e+00
3.693335143107868479e+00
3.693291590492355336e+00
3.693139181778363422e+00
3.692703946247168467e+00
3.691183159707737360e+00
3.689017430420228116e+00
3.682567969251129725e+00
3.671975235644916236e+00
3.651356527256981899e+00
3.593677674003045830e+00
3.509477375713986547e+00
3.374926443064956594e+00
3.126177350641012431e+00
2.926605711105610741e+00
2.752307866241158862e+00
2.568930166686475225e+00
2.469357495638807354e+00
2.402909340754006973e+00
2.359257329355915367e+00
2.360374328976812652e+00
nan
