3.597638526059159680e+00
3.597617201710510138e+00
3.597574124677207053e+00
3.597423380961159545e+00
3.596992906507026078e+00
3.595488829567848654e+00
3.593347094081459581e+00
3.586970469632592362e+00
3.576501903272840011e+00
3.556141368588284113e+00
3.499305768341971490e+00
3.416685020718444488e+00
3.285661260161180319e+00
3.047647972997447940e+00
2.861639978042076038e+00
2.701938900450045367e+00
2.534913784107518442e+00
2.445388886712377641e+00
2.386307440438769412e+00
2.346942543349896049e+00
2.347112620926315341e+00
nan
