3.598340655828395906e+00
3.598319082544160441e+00
3.598275502585714936e+00
3.598122998367607295e+00
3.597687491646935687e+00
3.596165775492791372e+00
3.593998770691753997e+00
3.587545849462533631e+00
3.576948544554533260e+00
3.556324989345453602e+00
3.498662954160305816e+00
3.414581168199844363e+00
3.280542026723484383e+00
3.034910145499032375e+00
2.843116516796348137e+00
2.682113381221589599e+00
2.514017599704308381e+00
2.422155159294893778e+00
2.361263107087990143e+00
2.322327402064707336e+00
nan
nan
