3.648166545048376452e+00
3.648144059698361641e+00
3.648098637340004835e+00
3.647939686378371515e+00
3.647485774576497697e+00
3.645899805759984513e+00
3.643641455005718566e+00
3.636917592360528584e+00
3.625878823739618895e+00
3.604408689053117509e+00
3.544469359659972785e+00
3.457308563382233579e+00
3.318950378451017258e+00
3.066663498235659091e+00
2.868219425328178307e+00
2.697793613083365738e+00
2.519024633161651483e+00
2.421651397247366777e+00
2.356603120129304063e+00
2.313679189920901269e+00
2.313363914428543833e+00
nan
