3.649306800279192853e+00
3.649285233042053100e+00
3.649241665255897438e+00
3.649089203178710772e+00
3.648653812904453009e+00
3.647132458366134866e+00
3.644965847278580195e+00
3.638513258779587201e+00
3.627913807836902649e+00
3.607276671673036450e+00
3.549513587982780827e+00
3.465131096418297751e+00
3.330285394896419060e+00
3.082091577723387488e+00
2.885982132904751030e+00
2.717804501917683080e+00
2.539792350789050968e+00
2.440821046413244044e+00
2.374617430966082132e+00
2.334478940226744292e+00
nan
nan
