3.682495102962465516e+00
3.682471510430852302e+00
3.682423851573811913e+00
3.682257075308685401e+00
3.681780826408497020e+00
3.680116921030195609e+00
3.677747885190837174e+00
3.670696513495981694e+00
3.659126664497552195e+00
3.636647004939361327e+00
3.574052237123758413e+00
3.483459337419861246e+00
3.340747306891661772e+00
3.084839468020291964e+00
2.888938949831458380e+00
2.722796852544543178e+00
2.546333953024395136e+00
2.449721189779586528e+00
2.385687580888830261e+00
2.343598041576035129e+00
nan
nan
