3.681537918373728235e+00
3.681515936257337529e+00
3.681471530393993774e+00
3.681316135704634451e+00
3.680872372174705198e+00
3.679321776791663279e+00
3.677113568876168692e+00
3.670537412404153876e+00
3.659735965796674595e+00
3.638708843246682978e+00
3.579874196781099194e+00
3.493965685844986790e+00
3.356738395099792438e+00
3.104406670542212421e+00
2.905897715544979665e+00
2.736625567030887662e+00
2.558567926825630945e+00
2.459942570949778862e+00
2.392674193939447136e+00
2.346563793305634249e+00
2.347704879952343227e+00
nan
