3.631854676710276841e+00
3.631832292796708828e+00
3.631787075459921521e+00
3.631628843120410455e+00
3.631176993485345061e+00
3.629598346359032224e+00
3.627350733799621363e+00
3.620661013325577660e+00
3.609685331258743801e+00
3.588362846670116291e+00
3.529009025954739087e+00
3.443152705200553498e+00
3.307979080533379967e+00
3.065184804194251544e+00
2.876668854481904347e+00
2.712208565525368265e+00
2.534110438130105614e+00
2.436365383466176926e+00
2.372712515513951903e+00
2.333403456303170032e+00
nan
nan
