3.566918330072132548e+00
3.566897385390031427e+00
3.566855075275735310e+00
3.566707014891088878e+00
3.566284199515516118e+00
3.564806841085109035e+00
3.562703037468992306e+00
3.556438553339655417e+00
3.546151496395463454e+00
3.526134674201222730e+00
3.470192271759355851e+00
3.388693631703780351e+00
3.259032913146454824e+00
3.022653269620429572e+00
2.838446522982919884e+00
2.680261045693363098e+00
2.509425716971231513e+00
2.413955200499791509e+00
2.349623887112548104e+00
2.308553033098965201e+00
2.319913958056348147e+00
nan
