3.637824304992772984e+00
3.637802048767666552e+00
3.637757089245817532e+00
3.637599757768843922e+00
3.637150469267830033e+00
3.635580637715273511e+00
3.633345220804407916e+00
3.626689319095396158e+00
3.615761031529028280e+00
3.594501518741344714e+00
3.535115233108988342e+00
3.448636466932693434e+00
3.310931159344657981e+00
3.057740934365321461e+00
2.856095186191852875e+00
2.681674699341732637e+00
2.498135203255216652e+00
2.397460623582690076e+00
2.329537641862800879e+00
2.284469538717590176e+00
2.282779916510107032e+00
nan
