3.624057901307262686e+00
3.624036285678430058e+00
3.623992620222685979e+00
3.623839817263807994e+00
3.623403461277125093e+00
3.621878822442649692e+00
3.619707775735215183e+00
3.613243654618168321e+00
3.602630672884707508e+00
3.581986289395059586e+00
3.524333598526178335e+00
3.440439167177433699e+00
3.307079816241800696e+00
3.063133264993610272e+00
2.870213370656697460e+00
2.702952944466026963e+00
2.526862067175650317e+00
2.432103979067857136e+00
2.369588114186134131e+00
2.329042410356269688e+00
2.332923094865990254e+00
nan
