3.586141115893476172e+00
3.586119915447075979e+00
3.586077088568750515e+00
3.585927218786691739e+00
3.585499227512765952e+00
3.584003681454873025e+00
3.581873702877017340e+00
3.575529354045387187e+00
3.565104850300394812e+00
3.544797773831835475e+00
3.487877950359336232e+00
3.404481290331421661e+00
3.270459663927204996e+00
3.020712280629100022e+00
2.821173673418159833e+00
2.652141061462837346e+00
2.478357615036985706e+00
2.384198856709144554e+00
2.322995408980119247e+00
2.286626423451800338e+00
nan
nan
