3.576464314237185249e+00
3.576443199095868941e+00
3.576400544633834055e+00
3.576251279181711595e+00
3.575825022042149026e+00
3.574335632532836371e+00
3.572214683174455452e+00
3.565899058268346078e+00
3.555527785321044298e+00
3.535346593237768786e+00
3.478946774699875011e+00
3.396811533143514250e+00
3.266294751026507015e+00
3.028995430604179528e+00
2.843725945592994631e+00
2.682880160399189862e+00
2.509128351450711669e+00
2.414254713528671381e+00
2.352601904633624397e+00
2.314333000148326658e+00
nan
nan
