3.610120795105354663e+00
3.610098912767240265e+00
3.610054708569824911e+00
3.609900020697978551e+00
3.609458285096542873e+00
3.607914885766748014e+00
3.605717221715195375e+00
3.599174533342547555e+00
3.588434828593926706e+00
3.567552392564482755e+00
3.509300239859057147e+00
3.424738018133737238e+00
3.290971562388945948e+00
3.049192263289696392e+00
2.860468465852201270e+00
2.695078312332335191e+00
2.515291889373331369e+00
2.415644107917488626e+00
2.349415838623628350e+00
2.308291045155919097e+00
nan
nan
