3.646448257050698416e+00
3.646426677994242027e+00
3.646383086430634357e+00
3.646230542183790391e+00
3.645794926141852965e+00
3.644272886044806814e+00
3.642105575792687233e+00
3.635652831133509011e+00
3.625059354273564960e+00
3.604455933384403288e+00
3.546940452614847139e+00
3.463316347493274883e+00
3.330625048844330305e+00
3.089131379906129737e+00
2.899375849125826132e+00
2.734576441197255292e+00
2.560614865110447447e+00
2.466027208545896077e+00
2.403049454701885690e+00
2.363089309643965574e+00
nan
nan
