3.619522418513843487e+00
3.619500587254931290e+00
3.619456486226067415e+00
3.619302159214601300e+00
3.618861452675483203e+00
3.617321632071635928e+00
3.615129018240787140e+00
3.608601037758763397e+00
3.597884350857638136e+00
3.577042226266866631e+00
3.518864147094687311e+00
3.434273329872795877e+00
3.299988182544896009e+00
3.055536690736403216e+00
2.865591137482651707e+00
2.704978367263979333e+00
2.534508463482601393e+00
2.439762869535146983e+00
2.375925029739445193e+00
2.334276002520025983e+00
nan
nan
