3.616152294265595923e+00
3.616129970969095719e+00
3.616084876014801441e+00
3.615927071212326371e+00
3.615476436247212710e+00
3.613901960687761594e+00
3.611660093847853137e+00
3.604986131268979044e+00
3.594031953192606821e+00
3.572735844629586932e+00
3.513349292668345836e+00
3.427174720633076710e+00
3.290884472827032337e+00
3.044687484876934747e+00
2.853817740455104612e+00
2.689091430452701381e+00
2.511110395502458736e+00
2.412272014157623268e+00
2.346013020074682043e+00
2.303106573198950624e+00
2.314085881374261966e+00
nan
