9.999999999999999395e-12
1.000000000000000062e-09
3.000000000000000394e-09
1.000000000000000021e-08
3.000000000000000394e-08
9.999999999999999547e-08
1.999999999999999909e-07
4.999999999999999774e-07
9.999999999999999547e-07
1.999999999999999909e-06
4.999999999999999562e-06
1.000000000000000082e-05
2.000000000000000164e-05
5.000000000000000240e-05
1.000000000000000048e-04
2.000000000000000096e-04
5.000000000000000104e-04
1.000000000000000021e-03
2.000000000000000042e-03
5.000000000000000104e-03
1.000000000000000021e-02
2.000000000000000042e-02
5.000000000000000278e-02
1.000000000000000056e-01
