1.412747812627172417e+00
1.412747771294292187e+00
1.412747687793417306e+00
1.412747395539605710e+00
1.412746560522267547e+00
1.412743637886076487e+00
1.412739462487765385e+00
1.412726934854733774e+00
1.412706050673444347e+00
1.412664264343011400e+00
1.412538761722215819e+00
1.412329112765185357e+00
1.411908030273930192e+00
1.410630722484599531e+00
1.408457155215032675e+00
1.403965539501912385e+00
1.389919827935138574e+00
1.367583605214710563e+00
1.333350450163675927e+00
8.083148855358706086e+00
nan
nan
nan
nan
