1.428805769277758708e+00
1.428805729439320382e+00
1.428805648957593988e+00
1.428805367271188898e+00
1.428804562449700999e+00
1.428801745537207957e+00
1.428797721275918420e+00
1.428785647780870471e+00
1.428765522911297658e+00
1.428725264201065270e+00
1.428604415231190528e+00
1.428402750537476118e+00
1.427998435265809718e+00
1.426776749468700922e+00
1.424707379880103097e+00
1.420432461050557205e+00
1.406793626459441615e+00
1.384039023060172680e+00
1.345304138593245824e+00
1.278930468248557162e+00
nan
nan
nan
nan
