1.419170905953549111e+00
1.419170863044112441e+00
1.419170776358379404e+00
1.419170472958521501e+00
1.419169606103424242e+00
1.419166572129520798e+00
1.419162237932213966e+00
1.419149235700398304e+00
1.419127566509383875e+00
1.419084232572944693e+00
1.418954265595397501e+00
1.418737765290807307e+00
1.418305147819765022e+00
1.417009748382179968e+00
1.414855755268115578e+00
1.410553941629577368e+00
1.397778813487225547e+00
1.378165679565272583e+00
1.347506081367897179e+00
1.292455771080421201e+00
nan
nan
nan
nan
