1.424146846396017407e+00
1.424146780131333889e+00
1.424146646263426463e+00
1.424146177727255269e+00
1.424144839065561996e+00
1.424140153901825467e+00
1.424133461221360974e+00
1.424113386076031773e+00
1.424079937139860919e+00
1.424013075309102483e+00
1.423812776049035334e+00
1.423479884302884191e+00
1.422817527739225651e+00
1.420856060042989366e+00
1.417662239130153434e+00
1.411505621096929675e+00
1.394507158068843289e+00
1.371015698106847536e+00
1.340522242920610507e+00
1.667437446417492142e+00
nan
nan
nan
nan
