1.422391348034816039e+00
1.422391291476307273e+00
1.422391177216747238e+00
1.422390777308570442e+00
1.422389634716780815e+00
1.422385635679808136e+00
1.422379922862444968e+00
1.422362785063290502e+00
1.422334224236400324e+00
1.422277110691789970e+00
1.422105834246505607e+00
1.421820583058092557e+00
1.421250835718840033e+00
1.419547125055695025e+00
1.416723869772640976e+00
1.411135347157456366e+00
1.395052457944056856e+00
1.371893792806342827e+00
1.339253988305599163e+00
5.257516787804925151e+00
nan
nan
nan
nan
