1.419174493527196379e+00
1.419174443993608037e+00
1.419174343925704074e+00
1.419173993687683044e+00
1.419172993004319538e+00
1.419169490574018200e+00
1.419164486998144792e+00
1.419149475536409133e+00
1.419124453986228662e+00
1.419074401707856925e+00
1.418924171440929971e+00
1.418673542931409237e+00
1.418171369856218611e+00
1.416657624927317727e+00
1.414112042136602687e+00
1.408954333696408545e+00
1.393449240767029362e+00
1.369835987136855504e+00
1.333347182721237756e+00
1.265939546372862878e+00
nan
nan
nan
nan
