1.434454939486135894e+00
1.434454900921942944e+00
1.434454823014498004e+00
1.434454550338785550e+00
1.434453771268241473e+00
1.434451044555262289e+00
1.434447149342437777e+00
1.434435464348259082e+00
1.434415991497289156e+00
1.434377053757208476e+00
1.434260303031765771e+00
1.434065919017990520e+00
1.433677846302744863e+00
1.432518175615770328e+00
1.430595222589354121e+00
1.426763469600923262e+00
1.415371042797090251e+00
1.396569767665559736e+00
1.363212218816875154e+00
1.300913212255687457e+00
nan
nan
nan
nan
