1.426405557813095193e+00
1.426405504119318879e+00
1.426405395647066587e+00
1.426405015994592906e+00
1.426403931276635451e+00
1.426400134803324171e+00
1.426394711376783864e+00
1.426378441849897927e+00
1.426351328475328639e+00
1.426297111075456314e+00
1.426134532900720231e+00
1.425863811021907956e+00
1.425323237784336339e+00
1.423707859083788829e+00
1.421033622776029626e+00
1.415742365268819913e+00
1.400389568427382825e+00
1.377659505786295480e+00
1.342756793014219241e+00
1.281151354513258234e+00
nan
nan
nan
nan
