1.441482491564039625e+00
1.441482424089780112e+00
1.441482287778310667e+00
1.441481810689821952e+00
1.441480447594457592e+00
1.441475676930570993e+00
1.441468862154753561e+00
1.441448421059511986e+00
1.441414363314936775e+00
1.441346288035566303e+00
1.441142381828293129e+00
1.440803590180578686e+00
1.440129854635298079e+00
1.438137655083187028e+00
1.434904072067205050e+00
1.428709124505000982e+00
1.411807299743629951e+00
1.388198948123779308e+00
1.353818815486572680e+00
1.288553549404425125e+00
nan
nan
nan
nan
