1.426573819248217356e+00
1.426573763773868908e+00
1.426573651704549306e+00
1.426573259462626142e+00
1.426572138777606913e+00
1.426568216451812976e+00
1.426562613322917450e+00
1.426545805302025904e+00
1.426517796478164568e+00
1.426461795808972699e+00
1.426293928388051135e+00
1.426014589829062817e+00
1.425457505315539608e+00
1.423797901376552710e+00
1.421064559115677639e+00
1.415687846885312684e+00
1.400055863664141809e+00
1.376152139360046656e+00
1.338512306189775236e+00
3.166231566273323139e+00
nan
nan
nan
nan
