1.448659074735794361e+00
1.448659008486029132e+00
1.448658874648298900e+00
1.448658406217832262e+00
1.448657067859026482e+00
1.448652383765736573e+00
1.448645692642537730e+00
1.448625622368018284e+00
1.448592182220914459e+00
1.448525340541721107e+00
1.448325123447439911e+00
1.447992448325967629e+00
1.447330875936249761e+00
1.445375484455464932e+00
1.442208836513973580e+00
1.436188250552917323e+00
1.420183070731941166e+00
1.398917785873288855e+00
5.590241433566476736e+00
1.609058413663254683e+01
nan
nan
nan
nan
