1.432233076057088939e+00
1.432233015863668912e+00
1.432232894260897949e+00
1.432232468652280932e+00
1.432231252636709362e+00
1.432226996688028331e+00
1.432220917046697961e+00
1.432202680134863959e+00
1.432172291975879252e+00
1.432111540661643367e+00
1.431929484787830775e+00
1.431626705709924785e+00
1.431023482149384130e+00
1.429230785960878825e+00
1.426290178968126821e+00
1.420540770920384777e+00
1.404162135025579294e+00
1.380477078870646190e+00
1.346562722967892034e+00
8.472208372375762409e+00
nan
nan
nan
nan
