1.421930740970606566e+00
1.421930704595001149e+00
1.421930631108797138e+00
1.421930373905935463e+00
1.421929639030556469e+00
1.421927066849279386e+00
1.421923391987633067e+00
1.421912365164356373e+00
1.421893979658613638e+00
1.421857180602310367e+00
1.421746558219752377e+00
1.421561431416788368e+00
1.421188304914750677e+00
1.420045366748917903e+00
1.418060135870624405e+00
1.413798216416771503e+00
1.399415767524420096e+00
1.375032134021678010e+00
1.334851475998699133e+00
1.274871561769943984e+00
nan
nan
nan
nan
