1.420918824109829615e+00
1.420918775888068364e+00
1.420918678470358687e+00
1.420918337508244145e+00
1.420917363329681216e+00
1.420913953691916420e+00
1.420909082746258489e+00
1.420894469664090609e+00
1.420870113702438431e+00
1.420821398631143540e+00
1.420675227140700825e+00
1.420431513312744309e+00
1.419943680021534593e+00
1.418476071918033377e+00
1.416012073568893026e+00
1.411004563070036966e+00
1.395565813524034748e+00
1.370772586990554265e+00
1.330542480021116969e+00
1.789598298693249045e+00
nan
nan
nan
nan
