1.427224212195184583e+00
1.427224144339857226e+00
1.427224007258501404e+00
1.427223527475116160e+00
1.427222156676899667e+00
1.427217359016914822e+00
1.427210505577880095e+00
1.427189947806853043e+00
1.427155693331873643e+00
1.427087216092517208e+00
1.426882036535195963e+00
1.426540901190940902e+00
1.425861673611553471e+00
1.423847051395847663e+00
1.420559229670065760e+00
1.414211137329029588e+00
1.396724473978591119e+00
1.372311419830212875e+00
1.337729849053910236e+00
1.286452339079969809e+00
nan
nan
nan
nan
