1.436992328553160281e+00
1.436992286586439072e+00
1.436992201805215696e+00
1.436991905070782449e+00
1.436991057257073878e+00
1.436988089896684473e+00
1.436983850776903715e+00
1.436971133179643090e+00
1.436949936382531989e+00
1.436907539719519011e+00
1.436780323942743243e+00
1.436568203624086770e+00
1.436143552665719358e+00
1.434865304509381101e+00
1.432715425400698184e+00
1.428325182741128518e+00
1.414689252931736529e+00
1.393316156463029643e+00
1.361269618118165159e+00
4.268837668200434976e+00
2.302139941232391518e+00
nan
nan
nan
