1.418873169041341198e+00
1.418873125508486543e+00
1.418873037563301187e+00
1.418872729755215945e+00
1.418871850303794035e+00
1.418868772226710373e+00
1.418864374981553267e+00
1.418851183300455565e+00
1.418829197341257009e+00
1.418785226043226988e+00
1.418653316335807935e+00
1.418433475754706352e+00
1.417993791039887430e+00
1.416674099092034789e+00
1.414469610925813026e+00
1.410036321576162877e+00
1.396787747943816882e+00
1.376797637018842169e+00
1.347046815956088217e+00
1.290574486647093178e+00
nan
nan
nan
nan
