1.514705897125266043e+00
1.514705296253780809e+00
1.514704082380532002e+00
1.514699833914179061e+00
1.514687696210318624e+00
1.514645223244212469e+00
1.514584571843024863e+00
1.514402788674489075e+00
1.514100385285040762e+00
1.513497698985348583e+00
1.511706375456367324e+00
1.508775146020262525e+00
1.503105964178054865e+00
1.487465883925769505e+00
1.465047666681915883e+00
1.429593641497172163e+00
1.361507961550119994e+00
1.298960397638561304e+00
1.234646059673472074e+00
1.158058745167908299e+00
1.111598152157896813e+00
1.083875987918027750e+00
nan
nan
