1.515738574765867153e+00
1.515737986390895520e+00
1.515736797762893051e+00
1.515732637652353443e+00
1.515720752372224700e+00
1.515679162638470912e+00
1.515619772321861625e+00
1.515441767643576743e+00
1.515145645909370398e+00
1.514555463934336155e+00
1.512801188759886228e+00
1.509930204548271870e+00
1.504376205939076394e+00
1.489044703117998081e+00
1.467044678261848034e+00
1.432190855282999609e+00
1.365034354737945765e+00
1.303077314628778405e+00
1.239099881874868192e+00
1.162512062167591953e+00
1.115823342337885160e+00
1.080305687324017772e+00
1.304992021996691287e+00
nan
