1.506654118432284362e+00
1.506653567125903592e+00
1.506652453382931300e+00
1.506648555359397346e+00
1.506637418807823980e+00
1.506598448558313930e+00
1.506542797488648500e+00
1.506375990309777535e+00
1.506098463866896386e+00
1.505545222406503347e+00
1.503899806647855719e+00
1.501203960334185572e+00
1.495978337800516256e+00
1.481485011027864784e+00
1.460526182346385982e+00
1.426981775345160353e+00
1.361407809302253025e+00
1.300082293613014528e+00
1.236205913489095920e+00
1.159542594903576029e+00
1.113044353556315480e+00
1.078159431115546907e+00
1.280637433595418040e+00
nan
