1.508939062177668156e+00
1.508938462099904232e+00
1.508937249830112126e+00
1.508933006975326840e+00
1.508920885300371495e+00
1.508878468386766869e+00
1.508817896929487423e+00
1.508636352669807223e+00
1.508334344400857452e+00
1.507732436978883150e+00
1.505943361420670756e+00
1.503015597460063635e+00
1.497352391762479140e+00
1.481724237887303453e+00
1.459313518882820571e+00
1.423858038350034994e+00
1.355781029852693553e+00
1.293304043247643920e+00
1.229065811046019752e+00
1.152320852487152658e+00
1.105541768519790802e+00
1.069980894700847118e+00
1.038839671851669033e+00
nan
