1.496606895571594098e+00
1.496606346305154878e+00
1.496605236683190787e+00
1.496601353082117392e+00
1.496590257728538376e+00
1.496551431566342405e+00
1.496495986051104010e+00
1.496329793535046138e+00
1.496053284914715897e+00
1.495502054683558679e+00
1.493862484895561282e+00
1.491175803975523850e+00
1.485966664653503910e+00
1.471512845845716289e+00
1.450605975843150652e+00
1.417168879165245032e+00
1.352052643351564498e+00
1.291619191344173467e+00
1.229207752821007471e+00
1.154692725627213479e+00
1.109271169654903799e+00
1.074569633479578012e+00
1.043968590970588028e+00
nan
