1.527579565380728033e+00
1.527578927420411015e+00
1.527577638621131273e+00
1.527573127923182339e+00
1.527560241067695612e+00
1.527515147021329289e+00
1.527450753782280790e+00
1.527257763151332437e+00
1.526936740591571251e+00
1.526297038942504569e+00
1.524396418809511156e+00
1.521288639531128473e+00
1.515285877362040790e+00
1.498776123543523742e+00
1.475227145340665569e+00
1.438215254025399181e+00
1.367711625268665854e+00
1.303393778077825083e+00
1.237631074037752299e+00
1.159907542055397922e+00
1.113035053120511542e+00
1.077471981402762680e+00
1.105590796464233305e+00
nan
