1.519527501196788810e+00
1.519526894068353506e+00
1.519525667554918247e+00
1.519521374848957107e+00
1.519509110755304926e+00
1.519466195530865926e+00
1.519404912617992265e+00
1.519221236931964203e+00
1.518915686067587423e+00
1.518306729987793258e+00
1.516496797733069446e+00
1.513535216846692233e+00
1.507807767620741535e+00
1.492011079152359310e+00
1.469382969345427448e+00
1.433640447919453553e+00
1.365145216177152010e+00
1.302323713516943204e+00
1.237733514843741611e+00
1.160765065199504287e+00
1.114097122101310955e+00
1.078773054070484516e+00
1.048153999774027678e+00
1.042517373641196121e+00
