1.525244266307745455e+00
1.525243652474777889e+00
1.525242412416870419e+00
1.525238072305566517e+00
1.525225672770977203e+00
1.525182283536863137e+00
1.525120323557935809e+00
1.524934617314799956e+00
1.524625684332082898e+00
1.524009972103407717e+00
1.522179837064887575e+00
1.519184809716499274e+00
1.513391349464179303e+00
1.497404207336791915e+00
1.474485202256407224e+00
1.438254347776287245e+00
1.368813086739289142e+00
1.305229230749289648e+00
1.240032152237415808e+00
1.162504735254179966e+00
1.115508521985917545e+00
1.079864383766312219e+00
1.048374589772446130e+00
1.034256513641703235e+00
