1.521634327253649666e+00
1.521633717282622422e+00
1.521632485026728654e+00
1.521628172223762787e+00
1.521615850724163721e+00
1.521572734742994593e+00
1.521511165476772343e+00
1.521326633842467801e+00
1.521019666716503682e+00
1.520407916410459803e+00
1.518589900392780745e+00
1.515615793288034752e+00
1.509866502818040246e+00
1.494024520761540353e+00
1.471363807935376355e+00
1.435624842512460253e+00
1.367206606569679295e+00
1.304392099061796095e+00
1.239623445222669318e+00
1.162047196717744590e+00
1.114687015725269736e+00
1.078668540851362545e+00
1.047331878649019332e+00
1.139385559916773927e+00
