1.512152224733878558e+00
1.512151613025916941e+00
1.512150377261198164e+00
1.512146052179218936e+00
1.512133695612237094e+00
1.512090457075675909e+00
1.512028713216686304e+00
1.511843661222769475e+00
1.511535838136866428e+00
1.510922417632305503e+00
1.509099711669063426e+00
1.506118777105076134e+00
1.500359015841880250e+00
1.484503420507616633e+00
1.461850571311968938e+00
1.426164125385556369e+00
1.357981316242220293e+00
1.295670074723642928e+00
1.231869204655711814e+00
1.156104730463138441e+00
1.110166827507945486e+00
1.075257043471679275e+00
1.044391673118062913e+00
1.197268375526624240e+00
