1.509241646015252014e+00
1.509241048343723079e+00
1.509239840934948340e+00
1.509235615093160732e+00
1.509223542021533859e+00
1.509181295159072178e+00
1.509120966468675773e+00
1.508940149359353278e+00
1.508639349188683809e+00
1.508039843755419440e+00
1.506257862696627425e+00
1.503341565118554879e+00
1.497700041650406710e+00
1.482128330926201665e+00
1.459788965296065388e+00
1.424414636699075976e+00
1.356316307021656398e+00
1.293554675449520852e+00
1.228855918743444464e+00
1.151703277429750871e+00
1.104827595062985335e+00
1.069103303434905117e+00
1.037600395968883760e+00
nan
