1.510546844031686931e+00
1.510546247935267150e+00
1.510545043708342083e+00
1.510540829001184582e+00
1.510528787727065225e+00
1.510486651972682060e+00
1.510426481514393737e+00
1.510246135626601038e+00
1.509946109310316587e+00
1.509348108907323516e+00
1.507570311282945275e+00
1.504659942674015261e+00
1.499026788681335542e+00
1.483459045494289308e+00
1.461085563951558086e+00
1.425596466005842888e+00
1.357247455529118962e+00
1.294428176783957829e+00
1.230000795037589079e+00
1.153765481619559941e+00
1.107770106219016837e+00
1.072827478194060102e+00
1.042412296188000687e+00
1.317525440838274609e+00
