1.504546171333043469e+00
1.504545612177516034e+00
1.504544482577959696e+00
1.504540529059253284e+00
1.504529233975137492e+00
1.504489709153964405e+00
1.504433266626913790e+00
1.504264090626850514e+00
1.503982634584670297e+00
1.503421602560606640e+00
1.501753354360995774e+00
1.499021188142120264e+00
1.493728984721609088e+00
1.479076836006761431e+00
1.457952490199882822e+00
1.424286113003661480e+00
1.358880925017666774e+00
1.298048610087038535e+00
1.234875130287530931e+00
1.159053378381782462e+00
1.112849480621973308e+00
1.077781788988087408e+00
1.047526312685322258e+00
1.123350171229205996e+00
