1.508527408340406994e+00
1.508526822767850550e+00
1.508525639801187701e+00
1.508521499504450469e+00
1.508509670827320903e+00
1.508468279112580968e+00
1.508409171433573892e+00
1.508232012931367327e+00
1.507937295730507721e+00
1.507349901437171180e+00
1.505603822440719108e+00
1.502745969150556693e+00
1.497216431226898958e+00
1.481946900099030184e+00
1.460025750085158336e+00
1.425289986693283772e+00
1.358441283683451184e+00
1.297006182014500686e+00
1.233884742603444495e+00
1.158496275774168138e+00
1.112291476060444095e+00
1.076823094041225337e+00
1.045140798214451161e+00
1.289315063558597707e+00
