1.522690151292040550e+00
1.522689524570290276e+00
1.522688258474864886e+00
1.522683827237100607e+00
1.522671167382219082e+00
1.522626867505870729e+00
1.522563607900214055e+00
1.522374011867207999e+00
1.522058626070992293e+00
1.521430120373999273e+00
1.519562483081354110e+00
1.516507757120473254e+00
1.510604578474850301e+00
1.494351978934159941e+00
1.471139256288690911e+00
1.434622995162097459e+00
1.365113893640625298e+00
1.301879840681894551e+00
1.237345052172513116e+00
1.160944800166460400e+00
1.115347378768299924e+00
1.408369108630309618e+00
nan
nan
