1.522158254922141296e+00
1.522157654890084144e+00
1.522156442712615521e+00
1.522152200181420501e+00
1.522140079434309179e+00
1.522097665806870337e+00
1.522037099148316086e+00
1.521855570019289949e+00
1.521553589408294549e+00
1.520951746392037673e+00
1.519162935542408333e+00
1.516235842800569333e+00
1.510574779593345074e+00
1.494958234368476857e+00
1.472577164867921118e+00
1.437186536054481989e+00
1.369175884197386894e+00
1.306503298113138589e+00
1.241725871049358831e+00
1.164213147277467719e+00
1.117120310812769191e+00
1.081301017184311153e+00
1.050475339888855331e+00
nan
