1.521289921167611414e+00
1.521289259083645984e+00
1.521287921550681377e+00
1.521283240295109973e+00
1.521269866220258837e+00
1.521223067933346940e+00
1.521156242834015293e+00
1.520955976118613107e+00
1.520622891422358069e+00
1.519959305661968907e+00
1.517988908582175167e+00
1.514770794139280730e+00
1.508567722776185338e+00
1.491588179645493728e+00
1.467551382539953986e+00
1.430129956176208861e+00
1.359744584972246928e+00
1.296244939880241143e+00
1.231717465241778608e+00
1.155514570834487609e+00
1.109452802108028768e+00
1.074524497572301174e+00
1.043848322744762358e+00
1.037307181488916985e+00
