1.492783823407201949e+00
1.492783267316506679e+00
1.492782143908532033e+00
1.492778212060483334e+00
1.492766978893346419e+00
1.492727670791050176e+00
1.492671537887924726e+00
1.492503290939482641e+00
1.492223383914555335e+00
1.491665452154109062e+00
1.490006522325444616e+00
1.487289943716089358e+00
1.482029118013824309e+00
1.467472526769708852e+00
1.446511032420414455e+00
1.413175887268020237e+00
1.348709662617902927e+00
1.289096093532046350e+00
1.227402659890721948e+00
1.153338805135771139e+00
1.108054833123447436e+00
1.073394505562530021e+00
1.042399907674145920e+00
1.028155975235178765e+00
