1.513563476096854155e+00
1.513562895825000032e+00
1.513561723566934081e+00
1.513557620750872301e+00
1.513545899166419462e+00
1.513504882335231949e+00
1.513446310363243619e+00
1.513270760095356993e+00
1.512978726935615414e+00
1.512396713966433159e+00
1.510666876211993692e+00
1.507836361764532729e+00
1.502362157891369066e+00
1.487258651442195045e+00
1.465595275835836819e+00
1.431265203144324705e+00
1.364973954826063540e+00
1.303592034075724548e+00
1.239992953550037136e+00
1.163613634765289673e+00
1.117040217089368515e+00
1.081763442627475147e+00
1.051016699892657336e+00
1.038346036549648410e+00
