1.534553860372143586e+00
1.534553229649195716e+00
1.534551955470730755e+00
1.534547495944088347e+00
1.534534755279256757e+00
1.534490172747347447e+00
1.534426509831394503e+00
1.534235707270463323e+00
1.533918321880640478e+00
1.533285858896585641e+00
1.531406676668237488e+00
1.528333746123270220e+00
1.522397684184056965e+00
1.506068752624458718e+00
1.482776410251437138e+00
1.446177302585674784e+00
1.376495389396870550e+00
1.312877912766331256e+00
1.247571777714285401e+00
1.169678854944970370e+00
1.122298726579511463e+00
1.086332314604662619e+00
1.054911172797637464e+00
1.041007890412247949e+00
