1.508428543822676327e+00
1.508427944059732351e+00
1.508426732425847794e+00
1.508422491796340692e+00
1.508410376475241899e+00
1.508367981753149456e+00
1.508307441871321597e+00
1.508125991446844116e+00
1.507824136621266131e+00
1.507222525189059636e+00
1.505434253531154010e+00
1.502507568629716239e+00
1.496845672124441862e+00
1.481216572996258973e+00
1.458795425782807742e+00
1.423306436333993119e+00
1.355100315713420489e+00
1.292416640709104003e+00
1.227962365205267803e+00
1.151302525099183516e+00
1.105056427369601968e+00
1.070470763651606205e+00
1.041547567469116142e+00
nan
