1.517226876806370806e+00
1.517226270749178818e+00
1.517225046399672594e+00
1.517220761265871909e+00
1.517208518793015104e+00
1.517165679078712248e+00
1.517104503598705412e+00
1.516921147118528435e+00
1.516616117980836842e+00
1.516008166989860628e+00
1.514200947027850797e+00
1.511242902995006077e+00
1.505519034519881227e+00
1.489708875163630708e+00
1.466998856667699247e+00
1.430976451286695372e+00
1.361508608665291664e+00
1.297499480831918017e+00
1.231721682350336966e+00
1.154037534592544434e+00
1.107762194224454655e+00
1.073302326400967566e+00
1.043484625868573712e+00
1.031974727019230986e+00
