1.520806821474177672e+00
1.520806224890330682e+00
1.520805019678778791e+00
1.520800801526737578e+00
1.520788750420924762e+00
1.520746580381793889e+00
1.520686361285202626e+00
1.520505871872333215e+00
1.520205614251869841e+00
1.519607180424004778e+00
1.517828307130467014e+00
1.514916838578493463e+00
1.509283708179095518e+00
1.493728081487579740e+00
1.471391693466065353e+00
1.435970990560893057e+00
1.367640303311807193e+00
1.304636453379993011e+00
1.239901045362267640e+00
1.163303086504724915e+00
1.117125853239691713e+00
1.081961672597067992e+00
1.050421880986805556e+00
1.851912975825756646e+00
