1.501122926017610659e+00
1.501122378169031490e+00
1.501121271411455238e+00
1.501117397835907807e+00
1.501106331128341687e+00
1.501067605246185765e+00
1.501012303039172213e+00
1.500846540804200435e+00
1.500570750483259497e+00
1.500020961040045453e+00
1.498385743720068053e+00
1.495706396132747473e+00
1.490512082944768224e+00
1.476102059738480632e+00
1.455259203496601872e+00
1.421905138145358682e+00
1.356780060150396539e+00
1.295999378197552510e+00
1.232792002196426040e+00
1.156950066018046064e+00
1.110879115009534734e+00
1.075984269902042545e+00
1.045535707347930554e+00
1.033909937699345694e+00
