1.509945972862104302e+00
1.509945363728555590e+00
1.509944133164533131e+00
1.509939826283501096e+00
1.509927521706108333e+00
1.509884464980861152e+00
1.509822980442027118e+00
1.509638703523060954e+00
1.509332162677613720e+00
1.508721271348947290e+00
1.506905880085597893e+00
1.503936287348952794e+00
1.498196420984615029e+00
1.482384050681905707e+00
1.459770940852765708e+00
1.424109469244398962e+00
1.355841037165947949e+00
1.293215496521715524e+00
1.228775632042194088e+00
1.151880674665330950e+00
1.105134901224373634e+00
1.069537321567421095e+00
1.038153805573318822e+00
1.024302180951693675e+00
