1.521189774099692249e+00
1.521189153949427775e+00
1.521187901129550601e+00
1.521183516354170706e+00
1.521170989231517945e+00
1.521127153714729507e+00
1.521064556931988720e+00
1.520876945507343203e+00
1.520564854568700275e+00
1.519942890836401883e+00
1.518094504031378245e+00
1.515070653354087415e+00
1.509224989810206807e+00
1.493116107799685288e+00
1.470071749552928964e+00
1.433734884988005165e+00
1.364294951053236726e+00
1.300832219160840575e+00
1.235804806808899148e+00
1.158541764210503366e+00
1.111686382922326466e+00
1.076026607041405736e+00
1.044595979415262610e+00
1.031232060259578587e+00
