1.510524479866091729e+00
1.510523913624981729e+00
1.510522769711099889e+00
1.510518766092110887e+00
1.510507327862893545e+00
1.510467302016811564e+00
1.510410143694314922e+00
1.510238819989797587e+00
1.509953783404536454e+00
1.509385586593344541e+00
1.507695817978753849e+00
1.504927719982433354e+00
1.499563562242963721e+00
1.484697130540591603e+00
1.463230023497607446e+00
1.428954547369831518e+00
1.362247213326725381e+00
1.300196262927908020e+00
1.235918248675201614e+00
1.159305282120911995e+00
1.112943995933225017e+00
1.077687065427688884e+00
1.046806545935558885e+00
nan
