1.495602624709417849e+00
1.495602058005806034e+00
1.495600913157747236e+00
1.495596906270897586e+00
1.495585458719847161e+00
1.495545400421739890e+00
1.495488196209204812e+00
1.495316738144667701e+00
1.495031488610953696e+00
1.494462906734026708e+00
1.492772302487713754e+00
1.490003831710476456e+00
1.484642441347870268e+00
1.469807269963720353e+00
1.448444584081953090e+00
1.414475022418576255e+00
1.348823385507160522e+00
1.288222394933189907e+00
1.225691020030372336e+00
1.150855004248560576e+00
1.105191537317908645e+00
1.070440341607858503e+00
1.040080154224026776e+00
nan
