1.516184840467358574e+00
1.516184239815338897e+00
1.516183026385357513e+00
1.516178779469469662e+00
1.516166646187420808e+00
1.516124188602882894e+00
1.516063558919880316e+00
1.515881839106912210e+00
1.515579535341521789e+00
1.514977026117336312e+00
1.513186060537503597e+00
1.510254876565475968e+00
1.504583904613964407e+00
1.488926530259742531e+00
1.466454748883105452e+00
1.430861356341716295e+00
1.362412705770419397e+00
1.299525882047423364e+00
1.234903182571183589e+00
1.158062037938816013e+00
1.111653555419850115e+00
1.076638652653606476e+00
1.046022519436906162e+00
1.068113269092391793e+00
