1.521151414725624651e+00
1.521150781617881753e+00
1.521149502621606642e+00
1.521145026232523234e+00
1.521132237388299613e+00
1.521087486217463258e+00
1.521023582358888904e+00
1.520832056759531703e+00
1.520513465606966763e+00
1.519878588501070382e+00
1.517992143658069448e+00
1.514907045293665488e+00
1.508946446354798354e+00
1.492543175526680255e+00
1.469130179268804293e+00
1.432327174548776449e+00
1.362370944688176877e+00
1.298877700171234606e+00
1.234275046216133376e+00
1.158055123602222070e+00
1.112004083696516599e+00
1.076964063393118343e+00
1.045900394207092354e+00
1.032155726599588208e+00
