1.507130677162869414e+00
1.507130086413024150e+00
1.507128892987175339e+00
1.507124716082993920e+00
1.507112782810299922e+00
1.507071024978480445e+00
1.507011394187303788e+00
1.506832665735298837e+00
1.506535329946414370e+00
1.505942691248844723e+00
1.504180826842452579e+00
1.501296525751381727e+00
1.495713804819481352e+00
1.480285823203821183e+00
1.458116501845119650e+00
1.422967134607167283e+00
1.355360385695251191e+00
1.293356263328565570e+00
1.229912136522152144e+00
1.155060106622383120e+00
1.110141230851998451e+00
1.076249655413049178e+00
1.046548044112701081e+00
1.363451219585499530e+00
