1.523900596469817348e+00
1.523899977988748322e+00
1.523898728541135617e+00
1.523894355570536430e+00
1.523881862191686976e+00
1.523838144962996743e+00
1.523775717661024043e+00
1.523588618179981147e+00
1.523277392073316250e+00
1.522657200893427376e+00
1.520814463474792211e+00
1.517801062069838780e+00
1.511979683090677318e+00
1.495963021204595123e+00
1.473103741992642268e+00
1.437143401489638261e+00
1.368503141891654895e+00
1.305626420980523505e+00
1.240870849315071300e+00
1.163347275223141519e+00
1.116035989964428099e+00
1.080001543955817933e+00
1.049326267137227653e+00
nan
