1.514152251060043142e+00
1.514151631971664358e+00
1.514150381297191261e+00
1.514146004032620230e+00
1.514133498385748400e+00
1.514089738224349890e+00
1.514027249604439795e+00
1.513839966270019710e+00
1.513528434064537631e+00
1.512907631817090426e+00
1.511063068667636511e+00
1.508046639937152822e+00
1.502219208972557674e+00
1.486183800530560317e+00
1.463290627864978877e+00
1.427259852648584015e+00
1.358466758194041724e+00
1.295527283041623345e+00
1.230943119437823086e+00
1.154162992855559011e+00
1.107619919009137810e+00
1.072334224992856022e+00
1.041244045584247102e+00
1.026210498274013228e+00
