1.533866399218973386e+00
1.533865745236897338e+00
1.533864424070940258e+00
1.533859800095036752e+00
1.533846589634616508e+00
1.533800363511796050e+00
1.533734354478679895e+00
1.533536526733836114e+00
1.533207476396554414e+00
1.532551845882391239e+00
1.530604431071481031e+00
1.527421829262131103e+00
1.521280357428957508e+00
1.504426555754358796e+00
1.480473425102201590e+00
1.443002573970953550e+00
1.372070825370069747e+00
1.307635931590384493e+00
1.241689086233925154e+00
1.163267342175688279e+00
1.115836436761371564e+00
1.080029290874547021e+00
1.048675737175532419e+00
1.035274400076199974e+00
