1.509497415283712840e+00
1.509496812038602531e+00
1.509495593370338895e+00
1.509491328123528930e+00
1.509479142493445725e+00
1.509436501994433133e+00
1.509375611823559948e+00
1.509193116309350380e+00
1.508889538818924070e+00
1.508284553082403168e+00
1.506486711253788524e+00
1.503545820106197084e+00
1.497861380778085838e+00
1.482200908059268629e+00
1.459801193137997055e+00
1.424462533272517373e+00
1.356773495818464292e+00
1.294720731268113711e+00
1.231083955239198779e+00
1.155597520068675665e+00
1.109886694536480034e+00
1.075090438884060751e+00
1.044333386840156974e+00
1.031023268688166405e+00
