1.520393244272413291e+00
1.520392655985201680e+00
1.520391467534229823e+00
1.520387308040315411e+00
1.520375424496550831e+00
1.520333840543982573e+00
1.520274457688175263e+00
1.520096469777926451e+00
1.519800357394435419e+00
1.519210125265661571e+00
1.517455165933137229e+00
1.514581371072754701e+00
1.509016223988668637e+00
1.493618646480981305e+00
1.471449394971073854e+00
1.436204246457899458e+00
1.368115762771132005e+00
1.305333509527703661e+00
1.240672312731845084e+00
1.163470269279358815e+00
1.116482664057098839e+00
1.080775680232749947e+00
1.049603848523193106e+00
nan
