1.509655603849601624e+00
1.509655014489288849e+00
1.509653823870861444e+00
1.509649656795464701e+00
1.509637751629570479e+00
1.509596092457120120e+00
1.509536603377425790e+00
1.509358305471644623e+00
1.509061705170688494e+00
1.508470603663733201e+00
1.506713862044501084e+00
1.503839686172768086e+00
1.498282380515122414e+00
1.482959759144343304e+00
1.461012089341967801e+00
1.426313394748828678e+00
1.359573785769722543e+00
1.297933291690421598e+00
1.234006353406573053e+00
1.156977928526502719e+00
1.109830385155820220e+00
1.074029046915966568e+00
1.042982973751388709e+00
nan
