1.519767867409276496e+00
1.519767244891301994e+00
1.519765987288120179e+00
1.519761585770404100e+00
1.519749010806364486e+00
1.519705007772625072e+00
1.519642171485535931e+00
1.519453840179832316e+00
1.519140544906281809e+00
1.518516155703687698e+00
1.516660361959983661e+00
1.513623755836302820e+00
1.507751208444642055e+00
1.491553331385289116e+00
1.468344520852223889e+00
1.431662741919910831e+00
1.361310668654835077e+00
1.296857273991479431e+00
1.230928086069116745e+00
1.153242337463686651e+00
1.106775954349819902e+00
1.071943349603887929e+00
1.041790070430716808e+00
1.028626447404506150e+00
