1.516785443003398237e+00
1.516784838395487833e+00
1.516783616974039184e+00
1.516779342090294636e+00
1.516767128919877416e+00
1.516724391957018137e+00
1.516663363784683582e+00
1.516480452886860286e+00
1.516176178518664486e+00
1.515569782073544758e+00
1.513767576224604117e+00
1.510818995990303115e+00
1.505117781944371735e+00
1.489398424709719171e+00
1.466883663931711324e+00
1.431293849984886402e+00
1.362886524608376781e+00
1.299864943241215043e+00
1.234875154737169245e+00
1.157373323699439682e+00
1.110396512276657255e+00
1.074818456697118618e+00
1.045036819774455505e+00
nan
