1.524748262197783255e+00
1.524747625144018848e+00
1.524746338175973159e+00
1.524741833885538300e+00
1.524728965321439533e+00
1.524683935111347255e+00
1.524619632572151051e+00
1.524426910559804726e+00
1.524106324171017990e+00
1.523467452204811057e+00
1.521568990871494886e+00
1.518463778221026406e+00
1.512462749310963028e+00
1.495938238075611437e+00
1.472328383322683898e+00
1.435157890475420750e+00
1.364262256718955513e+00
1.299577606391499440e+00
1.233453224018229211e+00
1.155315999290481344e+00
1.108236641393247401e+00
1.072388377076177957e+00
nan
nan
