1.523773666681335071e+00
1.523773054229547119e+00
1.523771816961876135e+00
1.523767486616470990e+00
1.523755114984396419e+00
1.523711823409091837e+00
1.523650002942703141e+00
1.523464715236464206e+00
1.523156479810920727e+00
1.522542162666463694e+00
1.520716212376561849e+00
1.517728156339428702e+00
1.511948617151090524e+00
1.496002967534464823e+00
1.473152025947489729e+00
1.437052939677367913e+00
1.367962415647742125e+00
1.304825346524279839e+00
1.240235019320659493e+00
1.163643378843478127e+00
1.117154171664227036e+00
1.081626615379613909e+00
1.050280593544523411e+00
1.131728015599418269e+00
