1.503087125031180582e+00
1.503086535123006717e+00
1.503085343397749574e+00
1.503081172447991776e+00
1.503069256208533933e+00
1.503027558232471472e+00
1.502968013594731422e+00
1.502789548140533560e+00
1.502492665699587615e+00
1.501900989224839833e+00
1.500142440325238136e+00
1.497264997714872203e+00
1.491700341778460670e+00
1.476351384475619088e+00
1.454355646008642200e+00
1.419580243497797989e+00
1.352850266171017557e+00
1.291638778798086751e+00
1.228788324121923736e+00
1.153923581274145960e+00
1.108275614393066100e+00
1.073349816899838105e+00
1.042447584562122387e+00
1.029535985174574231e+00
