1.509353608350919362e+00
1.509353040153257774e+00
1.509351892286877161e+00
1.509347874835585301e+00
1.509336397097895466e+00
1.509296233117119579e+00
1.509238877849954141e+00
1.509066966062555082e+00
1.508780958469396083e+00
1.508210853582875099e+00
1.506515626434492772e+00
1.503739279280357888e+00
1.498361547890903367e+00
1.483473586772166675e+00
1.462015025459977302e+00
1.427844475704054483e+00
1.361649028867663036e+00
1.300412996029259638e+00
1.237153229078262529e+00
1.161295767607950946e+00
1.114726096850096493e+00
1.078976383587301191e+00
1.047098056066239735e+00
1.115279852143560291e+00
