1.523500415634022165e+00
1.523499790285841593e+00
1.523498526965221922e+00
1.523494105438371715e+00
1.523481473321205204e+00
1.523437270436330371e+00
1.523374149145844125e+00
1.523184966338396507e+00
1.522870263536395541e+00
1.522243102531772418e+00
1.520379331621885877e+00
1.517330508038833736e+00
1.511437226936116929e+00
1.495201238126617316e+00
1.471983834868701324e+00
1.435389391043156548e+00
1.365496295749306865e+00
1.301695667273918167e+00
1.236481355997391729e+00
1.159327248677158417e+00
1.112823832021638593e+00
1.077737439388078089e+00
1.047397141402891974e+00
1.037906329591139487e+00
