1.512975105000719855e+00
1.512974514772320811e+00
1.512973322399971066e+00
1.512969149183836182e+00
1.512957226455658777e+00
1.512915505613404710e+00
1.512855927890343954e+00
1.512677360230519241e+00
1.512380297683566077e+00
1.511788224892397725e+00
1.510028208068829869e+00
1.507147450990648618e+00
1.501573325835146688e+00
1.486179552212623323e+00
1.464080124770779534e+00
1.429070304745351905e+00
1.361727838990556716e+00
1.299821596465114082e+00
1.236150627339338115e+00
1.160201591240478169e+00
1.113889721767690633e+00
1.078570959718443190e+00
1.048238098377634042e+00
1.034918624132042053e+00
