1.521833902046419773e+00
1.521833285061563235e+00
1.521832038636208972e+00
1.521827676239071891e+00
1.521815213031721514e+00
1.521771600956060677e+00
1.521709322667575526e+00
1.521522661746849803e+00
1.521212138475732445e+00
1.520593248853161272e+00
1.518753607676381900e+00
1.515742827343196986e+00
1.509918227896358989e+00
1.493841059888143308e+00
1.470785326190941600e+00
1.434335403805133691e+00
1.364578487945142582e+00
1.301002307933755153e+00
1.236235408724352780e+00
1.159599173195846156e+00
1.112883161708418278e+00
1.076959227876259639e+00
1.044754428006101632e+00
1.053182812930062440e+00
