1.513031833959855632e+00
1.513031244555947952e+00
1.513030053849570900e+00
1.513025886467524783e+00
1.513013980435268024e+00
1.512972318345210621e+00
1.512912825406127260e+00
1.512734518086618074e+00
1.512437909223946164e+00
1.511846816678001693e+00
1.510090298195735592e+00
1.507217071447597645e+00
1.501663329463085894e+00
1.486357701313961055e+00
1.464435609174264741e+00
1.429735479530337194e+00
1.362762923030133910e+00
1.300724058497300550e+00
1.236454555352524132e+00
1.159489250300580920e+00
1.112625984367019649e+00
1.076915805908763124e+00
1.045585956879919731e+00
1.034700910479792624e+00
