1.523756678966827316e+00
1.523756067013459559e+00
1.523754830753008660e+00
1.523750503936123435e+00
1.523738142413605612e+00
1.523694886549110450e+00
1.523633117980011109e+00
1.523447992165630316e+00
1.523140047069079239e+00
1.522526386326066294e+00
1.520702988543061851e+00
1.517720988585971265e+00
1.511959366242999758e+00
1.496099408649332663e+00
1.473439268623014664e+00
1.437725307901599692e+00
1.369355150732377124e+00
1.306625707582585783e+00
1.242110081260898502e+00
1.165169809872219631e+00
1.118498584788881312e+00
1.083194913167991658e+00
1.052331608614216485e+00
nan
