1.517877448129565598e+00
1.517876825037798749e+00
1.517875566275505239e+00
1.517871160701828259e+00
1.517858574157039175e+00
1.517814530680508200e+00
1.517751636860381392e+00
1.517563134663005853e+00
1.517249560240281125e+00
1.516624633845368830e+00
1.514767394298868863e+00
1.511728911532839170e+00
1.505854475700632467e+00
1.489663662799467048e+00
1.466498587853696689e+00
1.429976429732892074e+00
1.360271077429968889e+00
1.296735784478721065e+00
1.231798747176862108e+00
1.154752808333197045e+00
1.108102081584625420e+00
1.072801196302640925e+00
1.041934856961978406e+00
1.028173655086880967e+00
