1.513957264279938153e+00
1.513956652435341832e+00
1.513955416394318965e+00
1.513951090341849826e+00
1.513938730972984814e+00
1.513895482291407690e+00
1.513833723027631972e+00
1.513648618406054913e+00
1.513340686379247790e+00
1.512726969510642228e+00
1.510902768122902584e+00
1.507917455548213326e+00
1.502142774324232377e+00
1.486206985174018946e+00
1.463359186310820181e+00
1.427233367086701010e+00
1.357980576407447071e+00
1.294601447272687444e+00
1.229697987631152900e+00
1.152608588248939414e+00
1.105859215702609255e+00
1.070847427821554065e+00
nan
nan
