1.494646311657691573e+00
1.494645751196155725e+00
1.494644618958353766e+00
1.494640656207498530e+00
1.494629334760059658e+00
1.494589717833570530e+00
1.494533144175820283e+00
1.494363577938397691e+00
1.494081481955494395e+00
1.493519208802788878e+00
1.491847538403036744e+00
1.489110616422960387e+00
1.483812074919153456e+00
1.469160265776918495e+00
1.448074836461568315e+00
1.414538545068252162e+00
1.349536130926496602e+00
1.289216560151201119e+00
1.226708004665426177e+00
1.151688874832444753e+00
1.105779004355674333e+00
1.070628572307821269e+00
1.039484061278668436e+00
1.025252441008954296e+00
