1.517603573750628154e+00
1.517603455431039805e+00
1.517603216402295896e+00
1.517602379809296353e+00
1.517599989608754196e+00
1.517591624667235406e+00
1.517579676801958266e+00
1.517543847673559210e+00
1.517484180611524458e+00
1.517365026512845549e+00
1.517008993621200785e+00
1.516420299322200460e+00
1.515259998348389425e+00
1.511906294440193976e+00
1.506686276015184900e+00
1.497322586898974128e+00
1.474450573819099830e+00
1.445272581033218540e+00
1.404711900110271250e+00
1.346367622618732884e+00
nan
nan
nan
nan
