1.521284295622313598e+00
1.521284170767852828e+00
1.521283918537382540e+00
1.521283035738707712e+00
1.521280513525206102e+00
1.521271686576057380e+00
1.521259078801707743e+00
1.521221270664372405e+00
1.521158307645369634e+00
1.521032570577392828e+00
1.520656859889900625e+00
1.520035603416550085e+00
1.518811035648742536e+00
1.515271033681128809e+00
1.509760369309053774e+00
1.499881639738471328e+00
1.475921879594779718e+00
1.445998348499889952e+00
1.406377611591596910e+00
1.335107284034743769e+00
nan
nan
nan
nan
