1.528501566252279176e+00
1.528501440290814362e+00
1.528501185824003628e+00
1.528500295198538694e+00
1.528497750626235829e+00
1.528488845461447809e+00
1.528476126058921691e+00
1.528437983802606537e+00
1.528374466470913573e+00
1.528247630351962538e+00
1.527868699165582989e+00
1.527242331014654786e+00
1.526008500294899095e+00
1.522448358481367725e+00
1.516928794093572286e+00
1.507112502107467389e+00
1.483598696365064473e+00
1.453487401038403570e+00
1.408496180498251871e+00
2.699624105787744810e+01
nan
nan
nan
nan
