1.515447618350947545e+00
1.515447499195570202e+00
1.515447258478391790e+00
1.515446415976252847e+00
1.515444008895739270e+00
1.515435584912242062e+00
1.515423552803517593e+00
1.515387471665898822e+00
1.515327386987193936e+00
1.515207406612930630e+00
1.514848965821287585e+00
1.514256489996316901e+00
1.513089460508856732e+00
1.509721644357186143e+00
1.504495186019188857e+00
1.495167986915822311e+00
1.472721399789547414e+00
1.445195550752630176e+00
1.408250361863508049e+00
1.076772036392843290e+01
nan
nan
nan
nan
