1.508393915957102038e+00
1.508393802063247024e+00
1.508393571975380931e+00
1.508392766675768826e+00
1.508390465887375242e+00
1.508382413917208842e+00
1.508370913231581456e+00
1.508336426189840651e+00
1.508278997759372464e+00
1.508164327710440400e+00
1.507821800457475270e+00
1.507255788487937398e+00
1.506141460274870836e+00
1.502929726709175684e+00
1.497954412681909764e+00
1.489071767123318235e+00
1.467076031402259728e+00
1.437715928675347588e+00
1.393263263297302545e+00
1.552954944197574427e+01
nan
nan
nan
nan
