1.509882393165952186e+00
1.509882275254010198e+00
1.509882037048848380e+00
1.509881203338868660e+00
1.509878821379673219e+00
1.509870485331314072e+00
1.509858578872589341e+00
1.509822874885032196e+00
1.509763419457391231e+00
1.509644700093087488e+00
1.509290062472957716e+00
1.508703992860328302e+00
1.507550031650066291e+00
1.504223469178689321e+00
1.499072141657944890e+00
1.489911202725768380e+00
1.467860114613595002e+00
1.439692538978566416e+00
1.398370715284163790e+00
1.326558332553610775e+00
9.325405389086949270e+00
nan
nan
nan
