1.518773237071735505e+00
1.518773108922732540e+00
1.518772850036597788e+00
1.518771943942884839e+00
1.518769355170443092e+00
1.518760295244846459e+00
1.518747354592723697e+00
1.518708547439632239e+00
1.518643918124491732e+00
1.518514843738750120e+00
1.518129084018374986e+00
1.517490960300872160e+00
1.516232246637165826e+00
1.512587140896374915e+00
1.506895858568992885e+00
1.496652692180121313e+00
1.471682617517024338e+00
1.440201493726352755e+00
1.395859514931028444e+00
1.324695531909205304e+00
5.289943430276800029e+00
nan
nan
nan
