1.512474585879748146e+00
1.512474461631263534e+00
1.512474210624939808e+00
1.512473332110465085e+00
1.512470822134582171e+00
1.512462037983121288e+00
1.512449491256578682e+00
1.512411865615896911e+00
1.512349204608098185e+00
1.512224063545037023e+00
1.511850077614287358e+00
1.511231490652110931e+00
1.510011534642720754e+00
1.506480313267053672e+00
1.500971674192720373e+00
1.491071669345909623e+00
1.467014380105977400e+00
1.436811437715708184e+00
1.393877467189212460e+00
1.322765906662258351e+00
nan
nan
nan
nan
