1.512559120492193765e+00
1.512558999009574245e+00
1.512558753590849570e+00
1.512557894632712063e+00
1.512555440530200190e+00
1.512546851912838886e+00
1.512534584459657605e+00
1.512497796208386758e+00
1.512436529415391862e+00
1.512314171415553021e+00
1.511948491975448228e+00
1.511343608333745925e+00
1.510150541427811577e+00
1.506696030281439835e+00
1.501303011626361261e+00
1.491593623444184891e+00
1.467868785184450520e+00
1.437905155389234801e+00
1.395473713851272057e+00
6.875936712496607761e+00
nan
nan
nan
nan
