1.520977264365335424e+00
1.520977146443787564e+00
1.520976908219165757e+00
1.520976074440649306e+00
1.520973692282006073e+00
1.520965355492993165e+00
1.520953447861329355e+00
1.520917739545272651e+00
1.520858274209959449e+00
1.520739524972342549e+00
1.520384718111277511e+00
1.519798106575347862e+00
1.518642127592794155e+00
1.515302798659449390e+00
1.510111375171588888e+00
1.500822246238463276e+00
1.478274378089190044e+00
1.449556410307213827e+00
1.409235146227734603e+00
1.343254973231981841e+00
nan
nan
nan
nan
