1.522380590523739530e+00
1.522380455013619738e+00
1.522380181256622445e+00
1.522379223115764235e+00
1.522376485644415522e+00
1.522366905357428024e+00
1.522353221560474479e+00
1.522312186585393690e+00
1.522243849601867094e+00
1.522107379958812956e+00
1.521699594079467976e+00
1.521025285407441752e+00
1.519696122489801571e+00
1.515854107767403036e+00
1.509877285103136346e+00
1.499190185470866243e+00
1.473528026039089278e+00
1.442124192319029330e+00
1.400151913589847252e+00
1.336528045737907178e+00
nan
nan
nan
nan
