1.513365334786704652e+00
1.513365208711716425e+00
1.513364954015470998e+00
1.513364062586274761e+00
1.513361515711280969e+00
1.513352602413227999e+00
1.513339871192516783e+00
1.513301692076061800e+00
1.513238108630700074e+00
1.513111122772299533e+00
1.512731603036232553e+00
1.512103794579511495e+00
1.510865398405633497e+00
1.507278824928468097e+00
1.501677495205383961e+00
1.491588586087528645e+00
1.466938715928214343e+00
1.435937473525343622e+00
1.392725662371814721e+00
1.327195095496900734e+00
nan
nan
nan
nan
