1.527386680114769080e+00
1.527386540968697748e+00
1.527386259866362561e+00
1.527385276017016347e+00
1.527382465094684116e+00
1.527372627750352319e+00
1.527358576785692534e+00
1.527316440710165812e+00
1.527246269901473052e+00
1.527106137641750516e+00
1.526687404184315922e+00
1.525994983795915250e+00
1.524630100800019594e+00
1.520684946672128390e+00
1.514549557330774343e+00
1.503594533729656124e+00
1.477481122661893576e+00
1.446096453117887259e+00
1.405124326663854006e+00
5.385892303854354246e+00
nan
nan
nan
nan
