1.504931397441013452e+00
1.504931268921793963e+00
1.504931009287766575e+00
1.504930100576890917e+00
1.504927504330417776e+00
1.504918418288031079e+00
1.504905440440314823e+00
1.504866522506158377e+00
1.504801711242841789e+00
1.504672283046017300e+00
1.504285542753936999e+00
1.503646055430406525e+00
1.502385637348779834e+00
1.498743716504779222e+00
1.493085713857937202e+00
1.483010809943978492e+00
1.459145646011860586e+00
1.430039750907398988e+00
1.388939247704895630e+00
1.317727049784105819e+00
nan
nan
nan
nan
