1.521186302049473582e+00
1.521186187659379074e+00
1.521185956569019559e+00
1.521185147760526934e+00
1.521182836945787153e+00
1.521174749871562870e+00
1.521163199005427735e+00
1.521128561197417239e+00
1.521070880740237774e+00
1.520955703825490613e+00
1.520611633452473743e+00
1.520042974483612364e+00
1.518923071525904778e+00
1.515692455499001889e+00
1.510679832473051043e+00
1.501718708401762692e+00
1.479848043831750060e+00
1.451941949527158160e+00
1.413690060121939318e+00
1.354993215950101915e+00
nan
nan
nan
nan
