1.512756740299815439e+00
1.512756627505985829e+00
1.512756399640362126e+00
1.512755602117759501e+00
1.512753323542630701e+00
1.512745349239892345e+00
1.512733959294657593e+00
1.512699802971839702e+00
1.512642920743434427e+00
1.512529324448978585e+00
1.512189870973767336e+00
1.511628501680476910e+00
1.510521741606462687e+00
1.507320597646150784e+00
1.502332693613683601e+00
1.493377495927918464e+00
1.471545446397508172e+00
1.443712837827150208e+00
1.407115023909077722e+00
1.347142045929892396e+00
nan
nan
nan
nan
