1.516469826410234312e+00
1.516469699663993254e+00
1.516469443611698997e+00
1.516468547436202519e+00
1.516465986999603555e+00
1.516457026227447047e+00
1.516444227163690428e+00
1.516405844357028743e+00
1.516341920894176631e+00
1.516214253022466485e+00
1.515832671887510141e+00
1.515201379691441863e+00
1.513955858396455412e+00
1.510347075717114018e+00
1.504708498634675484e+00
1.494559188504307912e+00
1.469970422291921208e+00
1.439710805038145081e+00
1.398664204660046151e+00
1.333555625008530532e+00
nan
nan
nan
nan
