1.512855335053496564e+00
1.512855213111323760e+00
1.512854966764166864e+00
1.512854104556484502e+00
1.512851641168731387e+00
1.512843020044050135e+00
1.512830706127329394e+00
1.512793778312521820e+00
1.512732278337008296e+00
1.512609451806603111e+00
1.512242349394608221e+00
1.511635035866564891e+00
1.510436888788308174e+00
1.506965361764269096e+00
1.501538306155972169e+00
1.491742788075209436e+00
1.467695007073787750e+00
1.437308007154156630e+00
1.394807434836169202e+00
4.040293355327715830e+00
nan
nan
nan
nan
