1.510015469797825860e+00
1.510015341248159171e+00
1.510015081552605665e+00
1.510014172626005458e+00
1.510011575759845348e+00
1.510002487509858771e+00
1.509989506403880410e+00
1.509950577956701290e+00
1.509885746708215182e+00
1.509756269283168750e+00
1.509369306852703208e+00
1.508729198583833364e+00
1.507466580446682913e+00
1.503810085442805811e+00
1.498099788199969140e+00
1.487812753989239178e+00
1.462637913566652959e+00
1.430838694124735966e+00
1.386812013168695845e+00
8.487629706842014343e+00
nan
nan
nan
nan
