1.519464052018078659e+00
1.519463936028677242e+00
1.519463701707340686e+00
1.519462881590005532e+00
1.519460538460619459e+00
1.519452338242478273e+00
1.519440625627092700e+00
1.519405501759566013e+00
1.519347008502380136e+00
1.519230195896142055e+00
1.518881138447331081e+00
1.518303905822662392e+00
1.517165908752492465e+00
1.513874095915269669e+00
1.508740274899510680e+00
1.499486277659363820e+00
1.476522405239422131e+00
1.446483557364213191e+00
1.403388509273096663e+00
1.332867261972386697e+00
nan
nan
nan
nan
