1.510322087977065131e+00
1.510321964590208843e+00
1.510321715324589587e+00
1.510320842902775018e+00
1.510318350336233850e+00
1.510309627137884858e+00
1.510297167542152152e+00
1.510259803681570423e+00
1.510197580263910488e+00
1.510073319201638675e+00
1.509702011499645780e+00
1.509088013406985285e+00
1.507877687286169444e+00
1.504378623961616368e+00
1.498932163903338832e+00
1.489172921600487864e+00
1.465469015178406886e+00
1.435327192461856027e+00
1.392463812209144391e+00
3.642884755612825387e+01
2.457312752998715766e+00
nan
nan
nan
