1.512758670174461750e+00
1.512758544376891168e+00
1.512758290241134285e+00
1.512757400773790950e+00
1.512754859505521132e+00
1.512745965848280694e+00
1.512733262732311790e+00
1.512695168257907286e+00
1.512631726974309476e+00
1.512505029526363343e+00
1.512126407574617470e+00
1.511500202999197295e+00
1.510265410323993862e+00
1.506692643406569498e+00
1.501123045141759205e+00
1.491120071649226553e+00
1.466738723222527296e+00
1.436019783505286807e+00
1.394700922953348243e+00
nan
3.638769392999432473e+00
nan
nan
nan
