1.517853003112858090e+00
1.517852884146916326e+00
1.517852643812422242e+00
1.517851802649334170e+00
1.517849399391690390e+00
1.517840988753830889e+00
1.517828975617464993e+00
1.517792950742395508e+00
1.517732957658098902e+00
1.517613152350846040e+00
1.517255172571818411e+00
1.516663256236961521e+00
1.515496598635600822e+00
1.512124550447183857e+00
1.506876399825908264e+00
1.497464239756303161e+00
1.474447758264660679e+00
1.444717295916261079e+00
1.401646478371793236e+00
1.331140218447071755e+00
1.002766445388674832e+01
nan
nan
nan
