1.512922789749167496e+00
1.512922664373980153e+00
1.512922411091490726e+00
1.512921524610653545e+00
1.512918991875311647e+00
1.512910128084157257e+00
1.512897467636302284e+00
1.512859501182194144e+00
1.512796273318910645e+00
1.512670002909879852e+00
1.512292663646893409e+00
1.511668602082876234e+00
1.510438115348830879e+00
1.506878466638396752e+00
1.501331982839006596e+00
1.491386568745107999e+00
1.467375382207600554e+00
1.437686396084779439e+00
1.396565792424667718e+00
6.991395950033253648e+00
nan
nan
nan
nan
